0 78 4.840456 0.82317 7.6
1 83 1.100989 3.050902 11.5
2 110 3.838879 2.910074 11.0
3 200 3.254979 1.712576 16.1
4 245 3.761649 4.568736 10.3
5 312 4.039824 0.447002 12.2
6 683 3.251934 3.25893 6.8
7 714 1.267694 2.254575 10.7
8 966 3.556673 2.988708 11.9
9 1148 1.20415 4.385858 11.6
10 1162 4.292664 4.468946 10.9
11 1227 4.874981 3.583091 10.5
12 1286 3.711971 4.238435 15.7
13 1366 1.49878 4.776134 7.9
14 1431 2.693775 3.032044 6.6
15 1452 2.639288 4.691049 6.6
16 1524 3.094167 3.431762 7.3
17 1534 4.138434 2.99919 10.4
18 1707 2.825819 3.526285 8.9
19 1749 2.140983 4.636855 8.5
20 1805 1.723868 0.620227 9.7
21 1863 2.244512 0.78996 8.9
22 1961 2.852474 1.624374 6.7
23 2032 0.014351 1.020456 3.2
24 2091 4.193774 0.134692 14.0
25 2135 1.43024 1.217722 7.8
26 2246 1.720504 2.064918 12.7
27 2372 2.740514 2.728813 14.1
28 2546 3.866795 2.110508 17.3
29 2600 1.019271 0.616924 14.7
30 2719 3.243163 1.015578 12.3
31 2866 1.423222 3.649159 10.9
32 2967 2.195753 1.457191 6.6
33 3101 4.562017 1.304577 10.2
34 3160 2.557402 4.182249 14.5
35 3182 3.967731 3.430125 16.5
36 3274 0.524474 3.031555 15.3
37 3341 1.581368 2.871687 14.0
38 3481 1.55244 3.785585 3.3
39 3691 0.778692 3.137932 12.8
40 3707 3.054417 2.96182 10.1
41 3773 1.653012 4.395852 3.5
42 3827 1.600038 3.112504 14.8
43 3995 3.412278 1.254687 9.3
44 4087 3.948505 0.920282 11.1
45 4181 1.34945 2.152138 6.8
46 4474 1.378122 3.388953 9.6
47 4510 2.876513 1.323692 13.2
48 4601 0.080934 4.180162 7.2
49 4606 4.930944 0.717447 13.9
50 4693 2.187002 0.18383 14.2
51 4768 0.781713 3.778617 7.0
52 4792 4.378411 0.357391 9.0
53 4828 4.197367 2.656131 12.3
54 4935 2.022549 3.39649 13.3
55 5096 2.230154 4.759123 9.9
56 5170 4.525656 2.398754 9.2
57 5231 2.528613 3.229442 13.5
58 5332 0.516733 1.468162 12.3
59 5377 1.860991 2.860139 8.8
60 5396 1.59798 1.826163 9.2
61 5422 4.50511 3.801813 9.7
62 5778 0.205581 1.503838 5.6
63 5837 3.44861 1.330277 9.9
64 5975 4.444774 0.732754 14.0
65 5994 2.00879 1.96897 5.3
66 6022 4.678737 4.820807 4.5
67 6092 0.849124 3.75088 4.4
68 6207 3.095441 4.705085 9.2
69 6265 3.206317 1.207226 12.3
70 6275 2.249611 3.886707 8.0
71 6388 0.825304 2.866113 5.2
72 6502 1.036241 0.94274 14.5
73 6561 1.21297 1.045343 7.6
74 6570 4.243024 4.269185 11.5
75 6658 1.99608 0.380158 12.6
76 6730 3.577726 3.44778 9.3
77 6890 2.56693 1.176219 14.7
78 6895 1.966439 2.971933 9.2
79 6958 1.152924 0.875494 15.9
80 7149 3.135033 0.169873 5.7
81 7168 4.645439 3.774671 10.6
82 7195 0.368974 4.638013 10.7
83 7357 4.966148 0.510052 11.3
84 7412 3.871242 1.002959 16.8
85 7492 0.18307 0.706179 7.0
86 7623 4.290701 1.784963 10.4
87 7714 0.75422 3.971927 17.0
88 7804 3.252355 2.390766 11.2
89 7909 0.511578 4.673562 10.1
90 8003 1.367769 3.513482 13.2
91 8017 1.796752 1.842565 7.4
92 8105 4.698038 0.710272 18.1
93 8209 3.549887 3.56206 7.7
94 8339 2.900673 4.978358 9.2
95 8402 4.623465 2.49052 10.9
96 8605 0.28273 3.132744 17.7
97 8623 4.17182 1.784367 12.4
98 8701 1.41989 3.71212 11.6
99 8707 1.385998 2.34846 7.8
100 8917 0.187491 1.993041 10.1
101 8975 4.324557 0.369093 2.9
102 9099 0.805162 2.250343 10.9
103 9196 3.345048 4.431389 11.0
104 9236 3.217013 1.725238 6.9
105 9283 3.980652 4.136143 7.7
106 9317 0.317606 2.377354 13.5
107 9847 1.495694 0.645552 3.5
108 10018 2.664874 4.375899 9.6
109 10097 2.951732 3.209516 13.9
110 10141 4.100374 1.886798 14.2
111 10172 1.461766 1.643529 7.7
112 10304 1.271645 3.109934 3.2
113 10341 3.404601 3.469889 10.3
114 10436 0.031684 3.016118 8.1
115 10449 1.192832 2.515477 7.1
116 10566 4.520201 4.150515 7.1
117 10616 3.585084 0.119882 10.4
118 10696 3.431324 4.922004 17.5
119 10742 4.326899 3.607531 8.0
120 10846 3.647275 0.447732 8.1
121 10889 1.737955 2.697541 10.6
122 10976 3.081972 3.059238 11.5
123 11381 2.535575 1.843688 5.1
124 11641 3.287704 1.094517 11.4
125 11802 0.737707 2.161806 9.5
126 11865 1.984616 1.760463 3.5
127 11981 1.964889 2.828798 10.4
128 12079 0.975057 0.338662 15.6
129 12127 1.76723 3.593787 8.6
130 12198 1.281761 3.826765 9.6
131 12328 4.658836 0.244322 3.8
132 12418 1.59134 3.142905 11.7
133 12475 1.031162 3.490203 11.2
134 12514 0.067644 4.359084 6.8
135 12537 1.001365 4.749633 14.9
136 12592 1.823881 0.243664 12.7
137 12738 4.713131 1.964686 11.5
138 12810 2.949883 3.601883 2.8
139 13024 2.162588 4.511846 8.2
140 13089 4.295794 1.460214 16.5
141 13123 2.745973 4.683864 6.8
142 13142 4.271744 1.120856 14.4
143 13188 2.366742 0.020313 7.9
144 13272 0.314351 0.97097 11.6
145 13369 1.967613 2.134997 9.9
146 13420 2.652993 3.078602 17.9
147 13436 1.620784 1.152497 13.6
148 13473 2.83491 0.715189 5.6
149 13563 4.549183 2.043016 7.0
150 13622 0.665117 0.490349 3.9
151 13709 2.80512 2.063604 11.6
152 13748 4.195835 0.728353 7.2
153 13849 3.45949 1.099382 10.5
154 13894 2.254633 3.423621 8.0
155 13977 2.030021 3.121663 8.0
156 14042 0.108729 2.495623 9.9
157 14097 4.487418 1.794829 11.0
158 14188 4.937254 2.845896 9.6
159 14480 0.551543 2.579594 11.8
160 14507 4.759245 2.159638 6.9
161 14627 4.556429 2.0304 2.7
162 14912 0.29763 1.421306 14.4
163 14934 1.352199 3.769164 5.4
164 15055 2.546089 4.95944 13.0
165 15114 2.634313 0.173029 7.2
166 15224 3.883455 2.232355 3.1
167 15269 1.687327 0.833039 16.8
168 15388 2.713865 1.568503 7.1
169 15534 4.647892 3.240174 10.8
170 15710 1.066484 3.811338 6.4
171 15757 2.535022 1.400971 10.7
172 15830 4.79697 3.979185 3.0
173 15845 4.404145 1.710287 9.2
174 16054 1.684539 1.615922 13.3
175 16213 4.778823 4.359033 11.6
176 16350 3.126777 1.135292 16.2
177 16421 3.448239 0.155748 13.1
178 16495 2.478564 2.187311 5.7
179 16584 1.330713 4.341308 11.9
180 16705 3.30602 4.360755 10.7
181 16766 3.753076 3.39344 8.2
182 16831 4.798005 1.159785 11.9
183 16932 3.02676 0.412695 12.8
184 17093 4.809479 2.340192 3.9
185 17158 2.252893 2.644056 10.4
186 17231 3.796897 1.858541 13.5
187 17243 0.463816 1.968043 12.5
188 17392 0.80447 1.441568 7.6
189 17514 2.676837 1.600369 8.9
190 17532 2.758709 1.859559 7.7
191 17575 3.467788 3.246319 8.8
192 17790 3.728918 1.860594 16.5
193 17820 2.08648 1.308486 17.1
194 17843 2.543784 1.847987 4.7
195 18092 0.978363 3.534049 16.0
196 18155 1.558473 2.662508 2.6
197 18250 3.583794 1.682026 11.2
198 18380 0.77863 2.071753 8.1
199 18445 2.634581 3.803061 14.4
200 18613 1.010288 4.064861 4.1
201 18709 4.283173 0.93808 9.6
202 18717 0.796276 0.664039 11.2
203 18745 1.865246 1.994632 9.5
204 19001 4.212249 0.745352 14.3
205 19024 4.065235 3.66262 9.5
206 19071 3.650201 0.350038 9.3
207 19129 4.516169 0.855539 12.1
208 19306 2.787308 2.288923 11.7
209 19317 0.434131 2.473057 8.7
210 19361 0.926393 0.493598 5.8
211 19389 0.860808 1.238676 7.6
212 19472 2.152178 1.272725 13.0
213 19562 4.124733 4.890508 7.4
214 19615 4.373692 3.005246 11.8
215 19881 4.645887 1.864509 7.8
216 19939 1.46366 2.039045 12.6
217 19991 2.492791 4.216874 18.4
218 20169 4.26945 0.694314 15.0
219 20226 2.829987 4.222567 9.2
220 20259 3.87279 1.170131 9.2
221 20454 3.092242 3.013043 6.0
222 20490 4.042801 2.657938 14.3
223 20644 0.253378 4.915942 8.5
224 20732 3.819433 4.133107 17.4
225 20784 4.325992 0.49153 12.2
226 20933 2.767633 1.719727 4.7
227 20981 1.330708 4.599366 12.2
228 21069 4.674109 0.717551 11.7
229 21124 4.36096 2.680275 7.6
230 21256 0.391979 2.201547 16.8
231 21336 4.579252 4.269024 3.3
232 21404 3.333406 2.036432 11.1
233 21416 2.171119 2.64935 12.8
234 21630 1.54357 0.600456 7.3
235 21728 4.508518 0.125078 13.6
236 21786 3.407786 1.62473 10.0
237 21933 1.250862 4.720652 14.4
238 22008 0.334534 1.99183 11.7
239 22043 2.953481 4.285821 4.2
240 22155 3.112075 3.091051 8.2
241 22177 0.45237 2.333294 15.0
242 22298 4.990329 1.03638 13.7
243 22428 2.95704 4.264114 15.1
244 22718 2.234494 0.625865 12.2
245 22925 3.640264 0.122137 12.9
246 23168 0.352635 0.003251 12.7
247 23221 3.304094 2.584826 12.2
248 23264 4.378622 0.591788 9.7
249 23394 2.056367 1.793003 12.8
250 23665 1.786862 4.474966 13.6
251 23694 4.462473 1.428159 13.0
252 23704 1.852088 4.682281 13.9
253 23834 1.557027 2.03831 15.4
254 23858 1.88128 4.145595 5.0
255 23997 3.308 1.244035 13.2
256 24156 0.16082 0.074302 12.5
257 24220 2.103289 0.517218 11.3
258 24295 2.066506 0.794409 7.0
259 24303 2.293137 3.348013 11.2
260 24471 2.375461 0.914836 12.3
261 24506 1.441398 0.092504 12.6
262 24559 3.943465 4.60895 14.2
263 24603 1.384566 1.602156 9.3
264 24612 3.183868 0.63606 5.3
265 24645 2.624024 2.986542 11.2
266 24813 4.824577 3.254214 6.7
267 24884 0.333548 1.748804 17.0
268 24908 4.93519 4.594459 8.2
269 24978 0.770836 4.767994 5.3
270 25117 2.73779 4.979905 12.2
271 25410 2.592702 4.931579 2.7
272 25492 4.46261 2.067548 13.5
273 25625 3.312792 3.061128 9.9
274 25710 0.365429 4.212656 2.7
275 25812 2.171906 1.402854 3.8
276 25859 1.846777 2.591238 7.7
277 25996 1.955189 1.54949 13.2
278 26070 4.483264 2.914927 8.2
279 26098 0.658505 2.195967 11.9
280 26145 0.238924 2.676701 3.8
281 26232 1.376883 4.849169 10.3
282 26308 0.518877 1.965496 11.6
283 26380 2.165035 2.813593 15.1
284 26422 0.374194 0.136182 10.5
285 26472 4.619337 0.203294 7.0
286 26553 0.334383 2.177476 9.4
287 26666 0.111837 1.680621 10.3
288 26687 1.406982 2.339823 11.1
289 26732 3.701181 1.660694 5.2
290 26777 0.741395 1.887457 17.9
291 26960 3.029203 3.357495 10.9
292 27025 3.567504 0.693744 14.2
293 27060 0.129797 4.730509 8.0
294 27107 3.928558 1.116519 14.0
295 27240 4.173351 3.981311 11.3
296 27294 2.082003 0.636419 7.5
297 27379 4.986591 0.049569 15.2
298 27413 2.488314 1.666613 10.2
299 27557 2.796349 0.491714 7.8
300 27567 1.772932 0.326717 13.8
301 27671 3.700621 0.370516 7.1
302 27798 4.415973 4.620276 18.3
303 27865 4.868082 4.986185 8.7
304 27965 3.262077 3.305251 14.4
305 27982 4.859058 4.928677 9.6
306 28280 3.191672 1.627653 10.9
307 28388 1.843036 0.37445 9.7
308 28577 3.929013 3.273514 10.9
309 28754 4.051701 3.066497 8.1
310 28760 2.459097 0.715287 2.6
311 28807 1.444077 4.826159 10.6
312 28874 3.102321 3.023973 13.5
313 28913 1.915816 2.115695 13.8
314 29060 1.590433 0.125582 10.9
315 29310 1.162852 4.11826 6.6
316 29370 1.918219 1.410971 8.0
317 29434 2.914041 4.510053 8.9
318 29657 4.298434 4.818733 6.8
319 29668 4.167706 1.442665 7.4
320 29681 2.43917 3.062676 17.5
321 29909 2.071302 0.816939 14.0
322 29969 0.003432 1.310409 8.2
323 30044 4.424178 3.183456 13.4
324 30099 4.5755 4.369789 10.0
325 30209 1.31659 3.150738 6.8
326 30495 1.984266 4.176206 12.2
327 30516 3.708883 3.025941 7.3
328 30543 4.604023 0.631709 5.0
329 30648 3.641953 1.670016 18.2
330 30797 2.962827 3.207477 10.9
331 30837 2.58904 1.184267 5.0
332 30999 1.997138 3.80858 17.4
333 31062 1.14501 0.85231 13.5
334 31258 4.993417 4.735431 6.9
335 31331 1.927322 1.089429 11.8
336 31368 2.683821 4.713888 11.8
337 31544 1.975895 4.709399 6.8
338 31686 3.564576 2.197451 7.3
339 31739 4.144931 4.067941 12.0
340 31817 3.687569 1.949913 13.5
341 31846 1.936657 3.013852 11.5
342 31912 4.365624 2.743249 11.0
343 31964 0.896112 3.014952 9.4
344 32009 3.884523 0.418342 10.1
345 32125 2.034409 3.634995 13.7
346 32177 0.795563 3.136749 13.8
347 32221 3.54415 4.192417 10.7
348 32415 3.908066 4.472737 10.2
349 32430 3.392957 4.452514 4.9
350 32707 1.470119 0.695361 9.5
351 32719 0.303095 1.004708 15.0
352 32754 0.47951 4.477199 6.9
353 32802 4.293958 2.900169 8.0
354 32889 0.16255 3.950306 12.6
355 33010 4.813532 0.92205 9.6
356 33049 0.78091 4.310623 11.4
357 33200 2.055483 0.718547 13.7
358 33285 2.453159 4.076809 9.2
359 33358 1.178372 3.542263 10.7
360 33386 2.713742 3.958483 14.1
361 33467 1.299121 4.49648 10.5
362 33568 2.271957 3.858948 9.3
363 33675 2.225862 4.434348 13.9
364 33732 4.182059 2.903239 14.0
365 33846 1.434742 3.724696 13.8
366 33868 4.420358 4.52782 8.0
367 33922 2.637649 0.520826 12.4
368 33975 4.643939 1.807124 10.2
369 34005 1.243023 2.175872 12.2
370 34033 1.559113 0.531033 5.0
371 34291 1.830162 1.411847 13.2
372 34362 1.167071 4.238587 7.7
373 34461 3.558269 0.957048 13.9
374 34492 4.415129 0.594165 5.5
375 34571 3.746385 1.561999 17.7
376 34645 2.380364 0.24647 8.6
377 34704 3.235692 2.146057 12.2
378 34802 1.988068 2.791363 8.2
379 34894 4.732092 4.901316 12.9
380 34920 3.570973 4.928206 4.4
381 35127 1.691384 4.791035 9.6
382 35217 2.27196 3.907143 10.7
383 35246 0.800414 1.435019 9.3
384 35326 0.604553 3.501507 12.8
385 35471 1.042191 1.908442 9.5
386 35528 4.83872 3.393456 15.7
387 35570 1.444715 3.798551 13.1
388 35783 0.335755 2.355775 13.1
389 36017 0.953939 0.768486 11.5
390 36074 0.181967 0.578247 9.5
391 36161 3.072223 0.575701 10.7
392 36243 4.924768 3.098041 10.1
393 36302 0.247039 4.463185 12.6
394 36360 4.555067 3.584148 17.2
395 36475 0.705488 2.482013 10.2
396 36558 2.985174 3.594569 3.5
397 36655 1.988527 3.577642 13.7
398 36683 1.360291 1.295616 7.8
399 36753 2.941855 0.508531 3.0
400 36763 4.869614 3.824476 13.4
401 36980 1.258889 3.570405 7.7
402 37080 1.608076 0.352429 7.9
403 37273 2.131581 1.002502 7.3
404 37417 4.388699 1.542755 12.8
405 37517 4.551544 2.712599 16.5
406 37588 2.361961 3.147446 12.1
407 37791 1.957131 0.70782 9.4
408 37894 2.538048 3.596269 4.4
409 37940 2.657884 2.098895 4.8
410 38006 2.494201 0.377356 5.1
411 38222 3.998842 1.902047 6.6
412 38244 2.56942 3.313114 9.9
413 38273 4.570731 0.429138 11.3
414 38454 0.793366 3.146098 9.1
415 38544 1.487567 1.766051 10.3
416 38733 3.512815 0.449199 11.9
417 38823 2.144686 2.364984 3.1
418 38849 1.92448 1.275191 18.2
419 38889 0.61149 0.650065 4.8
420 38970 4.629165 1.50856 8.2
421 39150 1.113666 4.35437 10.7
422 39295 2.025487 2.315675 11.3
423 39379 0.97713 0.489006 12.6
424 39448 2.092551 3.086788 11.8
425 39471 4.339059 2.943648 7.3
426 39571 4.842724 3.463544 11.6
427 39699 0.638561 2.624872 12.2
428 39749 3.961449 1.89378 8.6
429 40048 4.394825 1.639811 7.3
430 40164 0.102011 3.721826 12.4
431 40335 1.335982 1.960855 9.2
432 40431 2.3509 0.960958 12.4
433 40467 1.469682 3.065719 2.8
434 40569 1.272684 3.694074 14.2
435 40881 3.211352 2.999737 17.4
436 40935 4.293998 3.262497 3.5
437 40964 0.646571 0.626099 17.8
438 41049 1.475053 4.387001 13.4
439 41088 1.452446 0.617993 9.5
440 41202 4.213215 2.051062 14.0
441 41341 0.147878 3.176322 2.5
442 41353 0.870057 2.7605 12.5
443 41582 4.767398 1.973012 9.1
444 41641 3.85525 0.9807 4.7
445 41787 3.749562 3.598845 7.9
446 41813 4.251381 0.729252 17.6
447 41917 3.974211 2.182956 3.2
448 41976 2.881484 1.314255 8.2
449 41991 2.954931 4.967398 9.7
450 42230 2.233787 3.094613 8.2
451 42280 4.303202 2.597518 4.0
452 42401 2.824108 3.278989 10.2
453 42519 0.872391 1.91731 11.9
454 42531 0.64513 2.077708 7.9
455 42579 1.016196 2.368639 13.6
456 42625 0.153474 3.09041 7.7
457 42671 3.745897 3.432385 16.2
458 42823 2.081972 4.804457 7.7
459 42874 3.76317 3.483721 8.7
460 42902 0.456976 4.954641 8.8
461 42968 4.081572 2.072201 8.3
462 43161 0.917141 2.917794 13.4
463 43200 2.242671 0.254958 12.3
464 43253 3.307167 1.620338 15.8
465 43363 1.611558 4.602575 4.2
466 43428 0.05371 0.960261 18.3
467 43474 1.056948 2.624765 10.3
468 43617 4.136155 2.939006 10.6
469 43672 3.852839 4.791075 12.6
470 43766 3.246932 4.386838 8.3
471 43845 1.81893 1.225228 11.5
472 43907 4.882956 0.361034 7.3
473 44246 2.930381 3.635589 13.6
474 44473 0.278117 1.131769 13.3
475 44504 4.300061 3.314516 7.7
476 44672 3.337102 3.618314 10.9
477 44812 3.350025 2.704724 8.5
478 44958 1.111002 1.133445 6.7
479 45065 3.883998 1.463035 13.8
480 45094 0.228049 4.406389 10.2
481 45272 3.177624 4.696294 9.1
482 45365 2.952498 4.170072 14.5
483 45391 2.989883 2.295109 7.3
484 45402 0.48396 1.336843 13.2
485 45504 3.915902 0.575707 9.4
486 45651 3.786781 3.086445 8.5
487 45919 0.471468 2.561568 6.9
488 46076 0.104569 0.25459 17.6
489 46236 0.907469 2.850846 13.8
490 46301 1.994721 1.790948 9.1
491 46390 2.979506 3.919548 9.4
492 46414 4.955753 2.186261 3.9
493 46512 0.134608 1.246059 7.9
494 46567 3.377457 4.988244 13.6
495 46681 1.7183 2.749801 12.2
496 47113 2.606376 2.309925 12.9
497 47255 0.374684 4.716374 9.0
498 47405 3.66994 3.592419 13.0
499 47533 0.922305 4.190448 13.4
500 47560 2.675002 4.932343 5.0
501 47645 3.234845 0.647837 8.1
502 47717 2.407731 3.574259 12.7
503 47861 0.086462 0.532083 8.2
504 47996 0.226493 4.644701 4.7
505 48037 4.537191 3.367083 7.8
506 48127 0.471784 1.369184 12.3
507 48291 0.699062 3.476301 13.8
508 48386 3.258057 4.560254 13.8
509 48456 0.163016 4.602579 11.0
510 48545 2.647484 1.252582 13.9
511 48604 4.411644 2.281074 4.5
512 48687 4.684218 0.88654 13.9
513 48748 3.488454 0.650309 10.0
514 48820 4.228676 3.331767 10.5
515 48856 0.209087 4.658653 4.1
516 48986 3.353775 1.681478 6.5
517 49012 4.874627 1.482794 16.6
518 49123 2.606687 4.243663 12.6
519 49275 4.657948 0.182165 10.8
520 49318 0.709655 2.738483 5.5
521 49537 4.426187 1.443101 12.3
522 49584 2.024762 3.652542 8.7
523 49618 0.055992 3.20088 10.7
524 49756 4.232948 2.211121 5.3
525 49913 4.320041 2.677305 7.5
526 50086 3.305791 3.996052 13.9
527 50146 2.678532 1.445924 9.0
528 50222 3.708906 1.111296 13.0
529 50225 2.324819 3.612 9.3
530 50442 4.558451 4.655703 14.7
531 50489 0.445687 1.282123 8.0
532 50523 1.679845 3.828274 7.5
533 50548 3.564041 4.770783 8.4
534 50707 4.559112 3.401936 6.9
535 50731 0.189346 4.932585 4.7
536 50842 3.726344 4.252595 10.2
537 51038 2.177191 4.974967 10.2
538 51102 2.104589 0.479504 3.4
539 51135 3.377425 2.936866 3.5
540 51149 4.795456 4.349134 11.2
541 51337 0.021165 3.772335 17.3
542 51411 1.193488 0.215635 7.0
543 51446 3.070735 4.258866 12.7
544 51615 1.369481 2.52585 5.5
545 51701 3.315864 1.521886 7.4
546 51786 2.764874 1.034182 14.5
547 51884 4.70633 3.33985 12.0
548 51936 2.227341 1.129128 11.4
549 52267 2.323004 4.574303 10.4
550 52348 3.645132 3.867406 4.7
551 52359 1.60409 1.374641 8.7
552 52536 1.626018 0.44193 10.2
553 52643 1.311278 3.695703 8.9
554 52656 1.622258 1.078783 14.5
555 52693 2.923325 4.318691 10.0
556 52852 3.001048 3.519783 9.2
557 52922 1.157566 4.468728 8.3
558 52944 1.024017 0.848336 15.0
559 52979 2.592223 3.596663 12.4
560 53038 3.205135 2.123084 14.9
561 53206 0.348547 2.942646 7.6
562 53272 2.24546 3.493182 13.9
563 53424 0.799364 2.791642 17.3
564 53510 2.194938 0.672535 7.9
565 53544 4.335819 4.821744 16.0
566 53586 4.907828 4.789493 8.4
567 53647 4.890723 2.994936 13.1
568 53716 3.50829 3.502395 8.5
569 53796 2.158933 3.758717 10.7
570 53831 2.982752 2.512193 8.4
571 53918 3.58056 3.198814 8.2
572 53953 4.925882 1.022181 9.0
573 54105 4.118357 2.347785 13.9
574 54140 1.212698 0.738398 7.9
575 54241 0.692628 4.902513 16.7
576 54387 3.234593 1.548531 11.5
577 54441 4.449306 2.910074 15.9
578 54548 3.60329 2.590928 10.2
579 54702 1.183963 2.150991 8.8
580 54775 2.684324 2.455365 9.1
581 54830 2.541183 1.959815 12.7
582 54861 1.67295 3.918061 17.3
583 55002 4.337989 2.805397 18.0
584 55007 2.319321 4.704223 8.9
585 55105 2.407739 3.965409 9.9
586 55154 0.020311 2.212911 15.6
587 55325 3.641789 4.929426 10.7
588 55371 3.579438 1.81605 8.4
589 55454 4.679675 0.11746 13.3
590 55609 2.366537 1.341377 12.9
591 55662 2.530753 0.131394 6.5
592 55722 0.872024 4.416279 13.3
593 55869 1.429565 4.180298 13.2
594 55980 2.88013 0.582041 7.8
595 56202 1.01891 2.132408 15.0
596 56412 3.332498 4.554717 6.0
597 56501 3.848604 3.774048 5.1
598 56513 3.652985 2.271226 6.0
599 56570 4.389383 3.871112 14.6
600 56742 0.114887 2.067828 3.4
601 56815 1.95995 1.348307 7.5
602 56882 4.263823 4.651643 12.0
603 57061 2.410854 2.470002 7.2
604 57113 4.963754 0.998455 14.8
605 57205 4.013783 0.469423 7.5
606 57337 3.776966 2.611325 7.9
607 57373 0.318019 2.311705 12.6
608 57408 3.037683 3.537811 6.4
609 57445 3.526683 4.807117 13.3
610 57467 0.580364 1.616866 12.2
611 57510 2.408013 0.127325 13.9
612 57663 0.437504 3.352708 8.1
613 57746 0.897129 0.955775 7.1
614 57863 1.186338 3.984398 13.4
615 58068 4.414227 0.963483 7.5
616 58161 1.454533 1.482848 10.5
617 58277 0.514954 2.426779 12.3
618 58307 1.412726 0.825198 9.3
619 58414 0.682786 4.878109 4.0
620 58560 4.584605 2.861645 7.0
621 58571 0.402865 3.627131 9.1
622 58666 2.348424 0.769483 5.8
623 58860 0.228344 3.525321 15.8
624 58875 2.717262 3.938577 7.9
625 59161 4.903963 1.348474 7.1
626 59250 3.897279 1.444669 13.0
627 59291 0.943339 1.13348 13.1
628 59474 0.570853 1.478454 9.4
629 59584 2.594094 4.114844 13.8
630 59889 2.564569 3.548402 6.5
631 59939 1.730162 4.375213 12.6
632 60019 2.623271 3.400638 8.0
633 60128 1.052976 4.72878 14.4
634 60155 4.741581 3.236485 13.3
635 60198 3.64323 0.422787 6.9
636 60365 1.039541 1.22356 9.7
637 60441 0.707188 1.539048 13.4
638 60463 1.3159 2.579955 13.1
639 60527 1.725567 4.852055 9.0
640 60635 4.346197 1.365586 4.2
641 60683 0.851708 4.294085 15.6
642 60745 1.970844 0.482537 7.7
643 60911 1.116457 2.003863 16.2
644 60939 2.441275 2.555483 13.7
645 61029 4.968051 4.838165 8.8
646 61036 0.653928 3.973012 8.1
647 61113 4.610793 4.37484 10.9
648 61211 3.382517 0.321931 11.1
649 61281 2.727327 0.316757 16.1
650 61480 0.371074 4.51913 17.5
651 61542 3.770078 4.51204 10.1
652 61626 1.271001 4.548918 4.3
653 61640 4.374471 1.51016 13.5
654 61873 1.34174 0.475454 10.0
655 61950 2.490975 3.991838 13.5
656 62101 0.405774 2.364981 10.9
657 62157 4.435153 1.905248 13.7
658 62240 4.403528 1.068884 11.4
659 62322 3.558592 3.287418 12.4
660 62589 2.558589 2.251622 7.5
661 62648 2.636951 1.238808 17.6
662 62736 0.514601 2.062198 11.1
663 62790 1.196637 4.761787 12.5
664 62842 4.553016 4.758811 18.1
665 63011 2.200597 1.181703 10.6
666 63036 0.423475 3.012692 14.5
667 63143 3.355808 3.293066 14.8
668 63301 3.477592 2.774763 7.1
669 63334 1.283288 0.317749 10.9
670 63362 4.796101 2.408372 10.2
671 63522 2.485486 1.371562 7.8
672 63623 4.954083 1.738692 17.2
673 63659 1.259292 3.987653 14.3
674 63708 2.758219 3.963683 8.2
675 63716 4.793995 3.327054 4.4
676 63947 4.328289 4.6831 13.3
677 64172 3.534192 2.387219 13.6
678 64193 0.938938 0.70468 10.6
679 64275 2.508623 3.983889 12.5
680 64307 1.656401 3.642529 7.2
681 64433 0.933409 4.179893 5.6
682 64575 4.451991 1.876536 11.7
683 64601 3.013219 2.026553 9.9
684 64707 2.723116 3.509999 14.3
685 64756 4.59792 3.699175 12.6
686 64816 4.864055 1.220026 11.4
687 64999 2.047793 3.152505 15.3
688 65077 2.555847 0.513771 4.0
689 65182 4.922211 2.741881 12.1
690 65441 0.267103 0.009938 12.3
691 65599 2.382176 3.117784 11.2
692 65671 2.721393 1.932066 7.1
693 65815 1.683078 3.041141 10.3
694 65960 0.487376 0.840943 14.0
695 66047 2.678181 3.25676 11.1
696 66166 3.31637 0.459174 14.6
697 66211 1.845209 3.900141 9.4
698 66355 0.72096 0.335621 8.0
699 66626 3.28835 0.660865 16.6
700 66780 0.642942 0.811289 9.4
701 66875 2.044155 1.531505 15.2
702 66966 3.704522 0.285038 14.9
703 67149 4.744574 0.486764 13.1
704 67195 4.393298 2.276784 12.1
705 67219 3.290869 4.740311 10.8
706 67379 4.931643 2.133165 9.3
707 67409 2.122233 1.950113 11.6
708 67485 3.825237 2.81685 9.7
709 67680 2.642737 1.913481 13.3
710 67791 1.469957 0.176831 19.2
711 67856 0.991462 4.719544 7.8
712 67965 3.939223 0.714463 13.8
