0 13.457231 52.4299 539028 0.377
1 13.289447 52.48897 8108 1.0
2 13.453539 52.429638 389624 1.0
3 13.456 52.4299 539036 0.0
4 13.47016 52.506256 16486 1.0
5 13.385117 52.46424 249466 1.0
6 13.388687 52.54932 403822 1.0
7 13.388782 52.5501 24190 1.0
8 13.293308 52.474472 534878 1.0
9 13.266063 52.512947 170804 1.0
10 13.400803 52.414524 40318 1.0
11 13.400744 52.415 279820 1.0
12 13.157813 52.532463 837396 0.0
13 13.268083 52.536743 279194 1.0
14 13.291195 52.475163 4208 1.0
15 13.294682 52.474094 473574 1.0
16 13.486293 52.6185 481084 1.0
17 13.578686 52.45702 335084 1.0
18 13.392473 52.54294 359572 1.0
19 13.421817 52.53946 877684 1.0
20 13.258678 52.508293 941984 1.0
21 13.266073 52.508969 504770 0.889
22 13.266475 52.513195 14866 1.0
23 13.3491 52.481556 846100 0.0
24 13.504198 52.563583 47952 1.0
25 13.491557 52.420765 477712 1.0
26 13.422036 52.534832 961534 0.0
27 13.501545 52.566086 47142 1.0
28 13.35418 52.41342 267136 1.0
29 13.404981 52.5285 281662 1.0
30 13.405526 52.50981 27240 1.0
31 13.334749 52.471493 17002 1.0
32 13.322759 52.488926 719432 1.0
33 13.283811 52.505817 13248 1.0
34 13.331422 52.48552 689712 1.0
35 13.340408 52.489697 931716 0.0
36 13.496866 52.416676 610816 1.0
37 13.496829 52.41828 633174 1.0
38 13.491408 52.42063 281942 0.0
39 13.497866 52.41938 633198 1.0
40 13.388037 52.493885 1005456 1.0
41 13.442747 52.467796 106984 1.0
42 13.45509 52.473103 293062 1.0
43 13.439943 52.47489 827374 1.0
44 13.377584 52.549263 278856 1.0
45 13.36983 52.525063 787650 0.0
46 13.68628 52.442314 470708 0.0
47 13.314403 52.474228 19810 1.0
48 13.333516 52.593395 343962 1.0
49 13.510529 52.45639 923570 0.0
50 13.414207 52.553898 350426 1.0
51 13.289508 52.63294 588546 1.0
52 13.270524 52.50208 973746 1.0
53 13.403531 52.38668 2322 0.986
54 13.258864 52.43222 1008290 1.0
55 13.407738 52.489525 446284 1.0
56 13.415271 52.543743 354516 1.0
57 13.393868 52.489246 820000 0.0
58 13.422441 52.500416 299590 1.0
59 13.431728 52.497456 263416 1.0
60 13.519863 52.566105 64986 1.0
61 13.287266 52.632454 693266 1.0
62 13.420358 52.532406 27900 0.0
63 13.469325 52.506622 16490 1.0
64 13.546934 52.437847 675338 1.0
65 13.509865 52.495983 914260 1.0
66 13.30553 52.509945 11686 1.0
67 13.325096 52.606915 390072 1.0
68 13.403076 52.56951 89840 0.0
69 13.508823 52.451458 700502 1.0
70 13.393733 52.489113 22202 1.0
71 13.301803 52.473545 176502 1.0
72 13.439205 52.52588 266514 1.0
73 13.416492 52.49894 1005678 0.0
74 13.319707 52.49975 192574 1.0
75 13.468615 52.506947 16492 1.0
76 13.38398 52.45674 869414 1.0
77 13.413963 52.502197 931932 1.0
78 13.287725 52.63205 693278 1.0
79 13.418211 52.499607 1005692 1.0
80 13.587063 52.522934 730540 0.0
81 13.587506 52.521034 670596 1.0
82 13.278535 52.50497 30184 1.0
83 13.275482 52.505875 72214 0.0
84 13.214774 52.439533 333032 0.0
85 13.427306 52.49897 659186 1.0
86 13.417069 52.499016 1005678 1.0
87 13.455211 52.51201 502110 1.0
88 13.208188 52.560642 656132 1.0
89 13.259507 52.43308 1008282 1.0
90 13.449253 52.505306 513102 1.0
91 13.397543 52.48697 487176 1.0
92 13.438033 52.47829 385672 1.0
93 13.345189 52.486446 185748 0.564
94 13.339893 52.503006 609198 1.0
95 13.157271 52.419052 473160 0.0
96 13.420463 52.49121 35324 1.0
97 13.424571 52.488884 521428 1.0
98 13.47451 52.51361 487608 1.0
99 13.329703 52.429066 140490 1.0
100 13.459277 52.51041 130520 1.0
101 13.306456 52.505665 271502 1.0
102 13.457055 52.51171 395176 0.0
103 13.46046 52.51093 133310 1.0
104 13.495712 52.53465 489018 1.0
105 13.27344 52.50988 916840 1.0
106 13.25934 52.431355 472686 1.0
107 13.340053 52.48958 15698 1.0
108 13.471037 52.613617 591510 1.0
109 13.495583 52.535515 489008 1.0
110 13.32931 52.563457 685532 1.0
111 13.312284 52.422554 538520 1.0
112 13.412643 52.524612 174470 1.0
113 13.459087 52.512555 320571 0.823
114 13.332755 52.59535 659820 1.0
115 13.275127 52.509644 707792 0.0
116 13.303101 52.505642 969568 1.0
117 13.474415 52.536045 206670 1.0
118 13.311037 52.46765 998984 1.0
119 13.262901 52.438385 940832 1.0
120 13.32547 52.486652 475192 1.0
121 13.423269 52.486988 562494 1.0
122 13.259912 52.43344 694658 1.0
123 13.354857 52.59704 565770 1.0
124 13.259064 52.4324 332170 0.0
125 13.260955 52.436077 366040 1.0
126 13.453929 52.514973 330284 1.0
127 13.442861 52.50062 124460 1.0
128 13.418902 52.583527 445180 0.0
129 13.330379 52.46672 454862 1.0
130 13.327319 52.479885 9124 0.488
131 13.418824 52.583626 446376 1.0
132 13.474877 52.513573 432176 1.0
133 13.418839 52.54012 636928 1.0
134 13.261517 52.436443 940782 0.0
135 13.389089 52.514656 1001876 0.0
136 13.448425 52.50554 707284 0.0
137 13.417978 52.50003 374880 1.0
138 13.428018 52.486813 123686 1.0
139 13.403351 52.522366 503036 1.0
140 13.39318 52.4262 802306 1.0
141 13.397253 52.53242 1004832 1.0
142 13.28979 52.55385 161672 1.0
143 13.411834 52.540585 270956 1.0
144 13.421865 52.492935 697754 1.0
145 13.422139 52.49282 521408 1.0
146 13.307329 52.517086 919344 1.0
147 13.337141 52.50508 609248 1.0
148 13.43349 52.48221 684140 1.0
149 13.290235 52.633526 707438 1.0
150 13.440182 52.517868 791092 1.0
151 13.450335 52.50863 133066 1.0
152 13.577859 52.456825 493870 1.0
153 13.231455 52.43791 400074 1.0
154 13.421846 52.485672 559500 1.0
155 13.347196 52.553246 20730 1.0
156 13.417085 52.49248 226930 1.0
157 13.196769 52.52554 25812 1.0
158 13.422704 52.492195 35334 0.0
159 13.42754 52.57292 472516 1.0
160 13.302021 52.50671 868768 1.0
161 13.358169 52.546864 18552 1.0
162 13.285381 52.589977 489078 1.0
163 13.414874 52.522045 792424 1.0
164 13.416595 52.51127 27304 1.0
165 13.319424 52.501522 5606 1.0
166 13.353074 52.54989 767790 0.0
167 13.355503 52.54856 359342 1.0
168 13.457933 52.52955 814232 1.0
169 13.468111 52.50439 623446 1.0
170 13.313861 52.506527 600810 1.0
171 13.461463 52.515827 642496 0.0
172 13.42853 52.498676 659190 1.0
173 13.215536 52.43817 1074 1.0
174 13.375764 52.50895 760970 1.0
175 13.432484 52.511864 849686 1.0
176 13.204222 52.536842 811348 0.0
177 13.574944 52.445812 108388 1.0
178 13.328181 52.567585 440734 1.0
179 13.574752 52.45282 473880 1.0
180 13.306715 52.506847 11008 1.0
181 13.353238 52.549824 359354 1.0
182 13.300512 52.58334 246208 1.0
183 13.283332 52.58987 938830 1.0
184 13.568621 52.5709 949746 1.0
185 13.326054 52.509827 353546 1.0
186 13.493693 52.635906 860214 1.0
187 13.259064 52.4324 332170 0.0
188 13.315825 52.50611 13240 0.0
189 13.416905 52.51187 27306 1.0
190 13.520916 52.498024 327810 0.0
191 13.317915 52.506 298660 1.0
192 13.423821 52.51342 878002 1.0
193 13.424133 52.49947 778978 1.0
194 13.314838 52.512596 961732 1.0
195 13.424566 52.528126 339884 1.0
196 13.248385 52.53992 541420 1.0
197 13.412626 52.533146 282262 1.0
198 13.236218 52.541958 272984 1.0
199 13.246655 52.537292 246666 1.0
200 13.490874 52.511944 938184 1.0
201 13.350726 52.53262 917202 1.0
202 13.468589 52.515083 541318 1.0
203 13.432165 52.497295 658302 1.0
204 13.525124 52.402956 997973 0.6
205 13.373896 52.509475 999826 0.5
206 13.40746 52.52906 848996 1.0
207 13.453107 52.42927 658368 1.0
208 13.332239 52.46851 454866 1.0
209 13.425378 52.488197 371020 1.0
210 13.485418 52.514694 221500 1.0
211 13.545862 52.542953 556522 0.0
212 13.384803 52.44677 738350 1.0
213 13.461271 52.524204 897918 0.0
214 13.341205 52.525417 983950 0.0
215 13.336215 52.526726 355864 1.0
216 13.576307 52.458454 281042 0.0
217 13.446831 52.436935 280156 0.0
218 13.164905 52.521523 459340 1.0
219 13.164286 52.52155 57856 1.0
220 13.487449 52.465878 571242 1.0
221 13.452322 52.549747 426654 1.0
222 13.374267 52.505665 88304 1.0
223 13.423002 52.48661 915914 1.0
224 13.450581 52.548244 417600 0.0
225 13.391833 52.51045 99004 0.0
226 13.311856 52.429714 118560 1.0
227 13.347818 52.52 918664 0.0
228 13.428819 52.48831 746604 1.0
229 13.504439 52.547756 213844 1.0
230 13.431589 52.466736 1002364 1.0
231 13.573645 52.444603 679458 1.0
232 13.328667 52.465256 890874 1.0
233 13.396214 52.51321 123404 1.0
234 13.289611 52.631927 712872 1.0
235 13.478782 52.527596 888804 1.0
236 13.287794 52.632025 693281 0.5
237 13.289611 52.631927 712872 1.0
238 13.287266 52.632454 693266 1.0
239 13.289952 52.633396 712892 1.0
240 13.357046 52.54837 404514 0.0
241 13.602683 52.53853 344690 1.0
242 13.384747 52.455296 535562 1.0
243 13.60152 52.538433 97454 1.0
244 13.367186 52.462578 393458 0.0
245 13.164337 52.55024 795936 1.0
246 13.424123 52.53878 992806 1.0
247 13.347932 52.542294 968154 0.0
248 13.269215 52.43806 749092 0.0
249 13.379608 52.522854 443296 0.0
250 13.412759 52.565044 455736 1.0
251 13.391023 52.431877 631390 1.0
252 13.569034 52.569313 458808 1.0
253 13.432322 52.505608 419308 1.0
254 13.387652 52.52034 775958 1.0
255 13.342249 52.467056 21784 1.0
256 13.576356 52.45454 75680 1.0
257 13.541375 52.396946 704740 1.0
258 13.493917 52.420067 721232 1.0
259 13.409845 52.529266 357452 1.0
260 13.434557 52.512222 523872 1.0
261 13.435523 52.42485 629584 0.0
262 13.471749 52.504704 556628 1.0
263 13.378293 52.516037 236360 1.0
264 13.498909 52.511013 963002 1.0
265 13.404582 52.5698 662034 0.0
266 13.403474 52.519615 885410 0.0
267 13.144588 52.45472 364024 1.0
268 13.468355 52.514538 541316 0.0
269 13.277319 52.510643 11818 1.0
270 13.391109 52.51488 121458 0.0
271 13.390853 52.504517 660090 1.0
272 13.313151 52.500546 5602 0.0
273 13.342192 52.502247 1004930 1.0
274 13.433525 52.531208 28034 1.0
275 13.313136 52.500973 13378 1.0
276 13.459005 52.473595 904482 1.0
277 13.342068 52.525528 23014 0.242
278 13.404582 52.5698 662034 0.0
279 13.366826 52.585533 43450 1.0
280 13.308167 52.51647 830558 1.0
281 13.352238 52.49934 492224 0.0
282 13.32025 52.49764 8260 1.0
283 13.44891 52.466343 785060 1.0
284 13.157764 52.41935 473162 1.0
285 13.157764 52.41935 473162 1.0
286 13.390635 52.434093 846906 0.0
287 13.160087 52.41957 366500 1.0
288 13.460322 52.49277 566084 1.0
289 13.428964 52.51124 891436 1.0
290 13.414301 52.53318 688586 0.0
291 13.545333 52.436913 690852 1.0
292 13.306321 52.617424 52462 1.0
293 13.393939 52.49161 146846 1.0
294 13.387395 52.519806 158532 1.0
295 13.410202 52.57054 536000 1.0
296 13.352996 52.50226 880902 1.0
297 13.388635 52.493793 1005468 1.0
298 13.383014 52.499073 615488 1.0
299 13.310194 52.50655 832712 0.0
300 13.41605 52.5183 388666 1.0
301 13.420645 52.495384 580718 1.0
302 13.421577 52.5139 999020 1.0
303 13.419351 52.514725 737984 1.0
304 13.493647 52.512173 836858 1.0
305 13.312395 52.49926 8510 1.0
306 13.343055 52.43505 175508 1.0
307 13.557323 52.524902 557600 1.0
308 13.335 52.485912 185730 1.0
309 13.341397 52.451103 601806 1.0
310 13.465367 52.524506 224658 1.0
311 13.387749 52.524433 67120 1.0
312 13.469299 52.53157 970580 1.0
313 13.471199 52.530407 775350 1.0
314 13.322759 52.488926 719432 1.0
315 13.32143 52.457565 522532 1.0
316 13.319571 52.486523 2664 1.0
317 13.415959 52.523266 517380 1.0
318 13.410194 52.521667 465788 0.0
319 13.388596 52.51116 916384 1.0
320 13.389886 52.511288 1005242 1.0
321 13.393318 52.51323 26620 1.0
322 13.384396 52.532684 912446 0.0
323 13.320483 52.48603 1960 1.0
324 13.398679 52.523663 26362 1.0
325 13.538398 52.52787 289386 0.489
326 13.441391 52.542053 587326 1.0
327 13.435158 52.500286 703058 1.0
328 13.382183 52.531273 822190 1.0
329 13.41198 52.541298 630790 1.0
330 13.41181 52.54118 1000336 1.0
331 13.40694 52.51825 569108 1.0
332 13.408828 52.51194 120484 0.0
333 13.520912 52.46087 486950 1.0
334 13.521312 52.497467 470702 1.0
335 13.562871 52.54206 69128 0.556
336 13.524871 52.48195 654568 1.0
337 13.40197 52.52353 757598 1.0
338 13.392768 52.54256 70112 1.0
339 13.433556 52.53609 881024 1.0
340 13.414642 52.520893 792298 1.0
341 13.201568 52.54779 50438 1.0
342 13.20075 52.54874 414772 1.0
343 13.467752 52.50724 556032 1.0
344 13.463463 52.470043 296014 1.0
345 13.451628 52.510853 183774 1.0
346 13.453015 52.512398 502112 1.0
347 13.326839 52.564213 983596 1.0
348 13.328669 52.563713 255086 1.0
349 13.240849 52.61832 130326 1.0
350 13.41428 52.550686 650490 1.0
351 13.613566 52.508812 733028 1.0
352 13.422155 52.535435 177016 1.0
353 13.586235 52.511635 163342 1.0
354 13.612005 52.512302 731760 1.0
355 13.571525 52.412693 745514 1.0
356 13.333029 52.50613 1005658 1.0
357 13.205169 52.536716 61408 1.0
358 13.204441 52.53807 59398 1.0
359 13.203027 52.536788 61392 0.4
360 13.204775 52.536896 207756 1.0
361 13.566716 52.570316 143504 1.0
362 13.719996 52.43913 76546 1.0
363 13.414309 52.5079 226196 1.0
364 13.535493 52.43309 542156 0.0
365 13.495328 52.634995 222416 0.0
366 13.201769 52.538204 61374 0.0
367 13.320815 52.45712 272056 1.0
368 13.431828 52.46691 1002352 1.0
369 13.197833 52.52127 321156 1.0
370 13.390726 52.51699 452438 1.0
371 13.341813 52.501286 906190 0.0
372 13.196218 52.529285 176934 1.0
373 13.45622 52.509964 685950 1.0
374 13.457811 52.512787 320570 1.0
375 13.346357 52.436466 376812 1.0
376 13.351233 52.43988 267858 1.0
377 13.3856 52.527496 575160 0.0
378 13.357045 52.547684 359332 1.0
379 13.385836 52.4855 335530 1.0
380 13.358169 52.546864 18552 1.0
381 13.285277 52.584404 379172 1.0
382 13.284141 52.589344 492882 1.0
383 13.601357 52.482574 585736 1.0
384 13.52579 52.482147 848392 1.0
385 13.467513 52.51451 67464 0.0
386 13.467465 52.514362 67464 1.0
387 13.457256 52.516304 853588 1.0
388 13.520333 52.497326 470686 1.0
389 13.444643 52.564644 377036 1.0
390 13.199411 52.535164 914934 1.0
391 13.462461 52.49811 627190 0.0
392 13.332138 52.50653 973298 0.756
393 13.388226 52.519498 1004160 0.336
394 13.451253 52.508522 398754 1.0
395 13.332844 52.595734 385866 1.0
396 13.347196 52.553246 20730 1.0
397 13.296687 52.442978 400128 1.0
398 13.296687 52.442978 400128 1.0
399 13.333298 52.469017 19738 0.0
400 13.296992 52.442688 29154 0.0
401 13.28364 52.589504 927070 0.0
402 13.452177 52.537457 408746 1.0
403 13.625223 52.455055 606570 0.0
404 13.292378 52.49745 2090 1.0
405 13.343435 52.478817 931690 0.0
406 13.312019 52.500584 581988 1.0
407 13.38906 52.512012 833858 1.0
408 13.414042 52.552193 764100 1.0
409 13.414246 52.55141 590868 0.0
410 13.515021 52.505352 249882 1.0
411 13.340533 52.48833 140874 1.0
412 13.183807 52.54803 888630 1.0
413 13.328235 52.46524 271710 1.0
414 13.311583 52.467205 584686 0.0
415 13.445714 52.52569 891798 1.0
416 13.322822 52.459003 375168 0.0
417 13.290684 52.4754 858094 1.0
418 13.413364 52.548504 364318 1.0
419 13.327424 52.502884 13576 0.0
420 13.295505 52.497932 298264 1.0
421 13.284382 52.58936 492880 1.0
422 13.412804 52.540966 504436 1.0
423 13.356669 52.486137 989118 1.0
424 13.357059 52.4863 989132 1.0
425 13.354818 52.485306 312318 0.0
426 13.35499 52.485577 518572 1.0
427 13.335019 52.504192 921012 1.0
428 13.29364 52.45649 420428 1.0
429 13.32797 52.428032 140502 1.0
430 13.440182 52.517868 791092 1.0
431 13.328475 52.428646 1001772 1.0
432 13.326762 52.42787 140576 1.0
433 13.360805 52.545364 18576 1.0
434 13.410984 52.521736 791938 1.0
435 13.535457 52.432285 477092 1.0
436 13.420655 52.524696 222404 1.0
437 13.381589 52.55263 937266 1.0
438 13.426008 52.478733 681162 0.0
439 13.302057 52.49982 240624 0.0
440 13.383033 52.55167 359460 1.0
441 13.441694 52.50086 447676 1.0
442 13.383172 52.524094 22858 0.0
443 13.363439 52.412914 280054 0.0
444 13.420029 52.499004 659156 1.0
445 13.41573 52.523083 517382 1.0
446 13.481423 52.524452 224048 1.0
447 13.355145 52.596634 823454 1.0
448 13.522466 52.497494 327806 1.0
449 13.431281 52.50105 285314 1.0
450 13.320875 52.486393 79656 1.0
451 13.426059 52.477863 15844 0.0
452 13.424821 52.487106 915930 1.0
453 13.419945 52.54219 509850 0.0
454 13.339929 52.526527 311012 1.0
455 13.259881 52.434902 604438 1.0
456 13.34554 52.526314 986210 1.0
457 13.297234 52.442474 275900 1.0
458 13.283129 52.58974 501102 1.0
459 13.370957 52.54 23326 1.0
460 13.306173 52.507896 160162 0.581
461 13.499683 52.50923 36462 1.0
462 13.319317 52.501658 298439 0.739
463 13.330433 52.527264 24222 0.0
464 13.340608 52.526726 33340 1.0
465 13.339914 52.450607 889058 1.0
466 13.340426 52.45076 601686 1.0
467 13.604081 52.537216 369546 1.0
468 13.437963 52.47912 473278 1.0
469 13.377837 52.508984 767248 1.0
470 13.38971 52.510258 990524 0.429
471 13.332515 52.50717 957130 1.0
472 13.368881 52.540455 418888 0.0
473 13.319819 52.51391 559150 1.0
474 13.321423 52.511868 916728 1.0
475 13.521522 52.51385 730080 1.0
476 13.289241 52.51039 9838 1.0
477 13.385609 52.463867 273368 1.0
478 13.305253 52.51143 14232 0.0
479 13.505691 52.44577 425754 1.0
480 13.297234 52.442474 275900 1.0
481 13.602164 52.536026 344702 1.0
482 13.590707 52.5044 633360 0.0
483 13.302427 52.5842 246212 1.0
484 13.289914 52.49752 176464 1.0
485 13.273628 52.53565 264212 1.0
486 13.275828 52.53573 253161 0.623
487 13.496285 52.50575 992286 1.0
488 13.34892 52.507748 211826 1.0
489 13.306071 52.50888 11000 1.0
490 13.335843 52.52497 272602 1.0
491 13.305143 52.512165 285836 1.0
492 13.305823 52.50997 11690 1.0
493 13.399487 52.386677 891902 0.403
494 13.426185 52.543056 513920 1.0
495 13.402918 52.38668 2326 1.0
496 13.401629 52.38634 806946 0.454
497 13.281354 52.589302 79918 1.0
498 13.423893 52.48676 1007428 0.0
499 13.381405 52.552505 937270 1.0
500 13.382036 52.552467 937278 1.0
501 13.204441 52.53807 59398 1.0
502 13.430383 52.469112 583162 1.0
503 13.6531 52.374996 560700 1.0
504 13.203632 52.537476 59404 1.0
505 13.385827 52.466297 706848 0.0
506 13.2491 52.610115 365692 1.0
507 13.386426 52.549637 359442 1.0
508 13.408073 52.52896 848998 1.0
509 13.385636 52.446808 259544 1.0
510 13.385716 52.445564 259518 0.0
511 13.434927 52.481052 689556 1.0
512 13.384561 52.46079 707712 1.0
513 13.20262 52.537918 57054 0.0
514 13.433732 52.48189 265638 1.0
515 13.273578 52.536934 21022 1.0
516 13.625223 52.455055 606570 0.0
517 13.203932 52.537 63044 1.0
518 13.306718 52.506355 1001574 0.0
519 13.441511 52.470398 626786 0.0
520 13.435927 52.480415 460990 1.0
521 13.43796 52.454144 54870 0.0
522 13.384884 52.484985 30018 0.0
523 13.204431 52.53619 61396 1.0
524 13.291782 52.497215 73868 1.0
525 13.456857 52.431065 405590 1.0
526 13.455811 52.430473 405610 0.0
527 13.411751 52.57151 42954 1.0
528 13.60358 52.537083 417740 1.0
529 13.288036 52.453136 637188 1.0
530 13.425378 52.488197 371020 1.0
531 13.403958 52.580963 43014 1.0
532 13.329873 52.562874 441472 1.0
533 13.320815 52.45712 272056 1.0
534 13.546751 52.54399 697060 1.0
535 13.303527 52.525593 5954 1.0
536 13.309338 52.51692 830524 0.0
537 13.310064 52.431583 11478 1.0
538 13.557406 52.506603 889944 0.0
539 13.456984 52.491188 518634 1.0
540 13.302211 52.426777 701718 1.0
541 13.28081 52.477623 274246 1.0
542 13.57882 52.458225 281044 0.0
543 13.474581 52.513916 485964 1.0
544 13.442699 52.54295 348648 1.0
545 13.309652 52.54703 347534 1.0
546 13.280159 52.47693 557612 0.0
547 13.297243 52.51062 4290 1.0
548 13.297761 52.510754 474584 0.0
549 13.458108 52.49083 378756 1.0
550 13.314346 52.51219 516974 1.0
551 13.477404 52.51399 965382 0.0
552 13.476693 52.51366 817092 1.0
553 13.384441 52.458168 528594 1.0
554 13.44081 52.47337 167300 0.0
555 13.285109 52.58772 50008 1.0
556 13.285645 52.587776 261754 0.0
557 13.40625 52.535194 48598 1.0
558 13.232425 52.4371 945370 0.0
559 13.510252 52.456516 470356 1.0
560 13.292845 52.483166 13204 1.0
561 13.408053 52.536995 494216 1.0
562 13.592219 52.529156 153692 0.0
563 13.32569 52.506287 394158 1.0
564 13.418347 52.536602 25294 0.0
565 13.370018 52.53979 202510 1.0
566 13.389476 52.512226 833884 1.0
567 13.337693 52.500553 13496 0.0
568 13.488975 52.467148 571236 1.0
569 13.489559 52.54257 358488 1.0
570 13.297016 52.49804 10166 1.0
571 13.503996 52.548588 712754 1.0
572 13.504566 52.548508 547220 1.0
573 13.451554 52.54851 544528 1.0
574 13.452683 52.548965 201818 1.0
575 13.44968 52.54784 273416 1.0
576 13.451404 52.54813 265790 1.0
577 13.477975 52.526775 707662 1.0
578 13.458136 52.549816 765534 1.0
579 13.271336 52.536674 290502 1.0
580 13.263891 52.537468 308760 1.0
581 13.371445 52.422558 384932 0.0
582 13.35903 52.57387 168226 0.0
583 13.452517 52.518536 817784 1.0
584 13.403918 52.38668 2322 0.737
585 13.344596 52.435596 49560 0.0
586 13.328186 52.563484 854804 0.0
587 13.454843 52.549065 390478 1.0
588 13.344131 52.43591 49560 1.0
589 13.28911 52.47627 690568 0.0
590 13.193997 52.430885 764640 1.0
591 13.455928 52.529655 397536 1.0
592 13.304987 52.508682 385130 1.0
593 13.41171 52.51976 711992 1.0
594 13.592145 52.545757 780198 1.0
595 13.304987 52.508682 385130 1.0
596 13.495896 52.63449 983030 1.0
