0 13.540479 52.521614 359328 1.0
1 13.564802 52.572456 943204 1.0
2 13.23415 52.527023 810976 1.0
3 13.311028 52.467983 810468 1.0
4 13.301191 52.515804 500450 1.0
5 13.272121 52.51918 830398 0.0
6 13.208134 52.559002 104008 1.0
7 13.696143 52.437023 292680 1.0
8 13.563564 52.513332 552256 1.0
9 13.581378 52.51405 275092 1.0
10 13.456929 52.453156 573842 0.0
11 13.551647 52.553593 255342 1.0
12 13.478583 52.4839 290356 1.0
13 13.371007 52.469925 793122 1.0
14 13.175129 52.517082 827286 1.0
15 13.191426 52.5359 149620 1.0
16 13.390625 52.49232 486036 1.0
17 13.241986 52.444313 685448 1.0
18 13.235855 52.62065 412766 1.0
19 13.402063 52.41469 62604 1.0
20 13.588085 52.50545 369876 1.0
21 13.610814 52.504585 369480 1.0
22 13.538705 52.51023 347250 1.0
23 13.300534 52.616173 987584 1.0
24 13.619505 52.504105 737698 1.0
25 13.624155 52.50449 953504 1.0
26 13.374317 52.489418 700440 0.0
27 13.616979 52.5051 667742 1.0
28 13.301897 52.50776 468316 1.0
29 13.442837 52.465073 54846 1.0
30 13.242203 52.444134 531658 0.0
31 13.223261 52.429626 436842 1.0
32 13.578497 52.452175 204102 1.0
33 13.429715 52.57152 818978 1.0
34 13.366121 52.449127 734934 1.0
35 13.433147 52.445172 576568 0.675
36 13.59229 52.454304 204122 1.0
37 13.347029 52.412056 233142 0.0
38 13.351233 52.43988 267858 1.0
39 13.571445 52.471924 572002 1.0
40 13.243504 52.6017 222456 1.0
41 13.203346 52.522964 229854 0.417
42 13.502297 52.48283 220362 1.0
43 13.376772 52.500637 825536 1.0
44 13.499274 52.524307 385154 1.0
45 13.449723 52.45611 62702 0.0
46 13.575798 52.48981 325298 1.0
47 13.499172 52.521362 415483 0.515
48 13.488767 52.526414 399563 0.5
49 13.452421 52.533764 997164 0.0
50 13.265585 52.41819 504196 1.0
51 13.414803 52.556347 424466 1.0
52 13.345196 52.490314 4256 1.0
53 13.26438 52.419277 504200 1.0
54 13.341518 52.537033 748358 1.0
55 13.572806 52.414368 870490 1.0
56 13.347304 52.596687 259432 1.0
57 13.327849 52.60882 1002514 1.0
58 13.315388 52.61314 52352 1.0
59 13.318907 52.610977 988610 1.0
60 13.400249 52.394833 398886 1.0
61 13.426086 52.457176 61692 0.0
62 13.403774 52.58276 784192 1.0
63 13.31912 52.49963 8234 0.0
64 13.358781 52.412952 267154 1.0
65 13.384771 52.448845 854918 0.5
66 13.471317 52.43331 835264 1.0
67 13.355123 52.413174 815832 0.0
68 13.520044 52.531155 953650 1.0
69 13.180447 52.504757 267184 1.0
70 13.419408 52.514706 846684 1.0
71 13.36526 52.56239 344390 1.0
72 13.324029 52.5612 233008 1.0
73 13.466467 52.596622 988348 1.0
74 13.312154 52.50632 298716 1.0
75 13.407808 52.564026 901698 1.0
76 13.221825 52.536648 274116 1.0
77 13.518679 52.52242 408602 1.0
78 13.394316 52.42582 502698 1.0
79 13.371105 52.558712 23280 1.0
80 13.533662 52.53051 579140 0.0
81 13.339219 52.47451 565042 1.0
82 13.66617 52.409966 449818 1.0
83 13.237425 52.43278 36960 1.0
84 13.465465 52.436302 280234 1.0
85 13.603793 52.545216 826864 1.0
86 13.459296 52.562275 217846 1.0
87 13.328953 52.561626 32140 1.0
88 13.266398 52.513147 14870 0.429
89 13.262573 52.51471 24768 1.0
90 13.500503 52.54331 783940 1.0
91 13.452345 52.43871 62272 1.0
92 13.474265 52.425537 507890 1.0
93 13.528095 52.55653 281208 1.0
94 13.502091 52.48106 238222 1.0
95 13.502823 52.460373 700370 1.0
96 13.575942 52.505184 269984 0.0
97 13.45 52.61792 501910 0.0
98 13.574478 52.504673 163526 1.0
99 13.284955 52.522236 515414 1.0
100 13.282816 52.554203 430684 1.0
101 13.426026 52.452366 574150 0.0
102 13.418234 52.528347 206234 1.0
103 13.441099 52.530594 217842 1.0
104 13.367434 52.561516 83892 1.0
105 13.330525 52.571224 343906 1.0
106 13.183285 52.540012 668662 1.0
107 13.487003 52.422855 270302 1.0
108 13.31507 52.583705 879866 0.95
109 13.434722 52.59441 45206 1.0
110 13.284286 52.59508 167874 1.0
111 13.384579 52.470093 13780 1.0
112 13.297494 52.550343 860688 1.0
113 13.472223 52.565502 816896 1.0
114 13.428351 52.567825 704290 1.0
115 13.432804 52.600906 99150 1.0
116 13.410003 52.582073 206276 1.0
117 13.379025 52.576084 429968 1.0
118 13.441395 52.481388 903666 1.0
119 13.430035 52.58625 988932 1.0
120 13.178705 52.549057 795840 1.0
121 13.350399 52.535404 688514 1.0
122 13.324249 52.525593 862394 1.0
123 13.442447 52.465546 968124 1.0
124 13.304359 52.619434 971296 1.0
125 13.442788 52.424454 629896 1.0
126 13.466595 52.560913 867796 1.0
127 13.149506 52.45756 823536 1.0
128 13.558925 52.43478 947742 1.0
129 13.346832 52.591553 886094 1.0
130 13.361752 52.545017 914024 1.0
131 13.436799 52.456997 61636 1.0
132 13.433093 52.499275 534192 1.0
133 13.366973 52.464993 607092 1.0
134 13.482306 52.426098 764494 1.0
135 13.479835 52.428368 270344 1.0
136 13.45077 52.535522 854194 1.0
137 13.319399 52.51273 859658 1.0
138 13.381129 52.440403 984732 1.0
139 13.424668 52.45222 574146 1.0
140 13.199311 52.54281 502148 1.0
141 13.346797 52.579163 998152 1.0
142 13.333687 52.52083 834772 1.0
143 13.207365 52.52928 961662 1.0
144 13.421442 52.45902 883690 1.0
145 13.491695 52.558735 995998 1.0
146 13.552939 52.431316 977710 1.0
147 13.260473 52.508404 875576 1.0
148 13.370334 52.435364 771436 1.0
149 13.191649 52.434593 215820 1.0
150 13.34134 52.51991 832568 1.0
151 13.32066 52.48429 334266 1.0
152 13.28759 52.49575 468494 0.539
153 13.328179 52.531105 713498 1.0
154 13.294289 52.50166 2100 1.0
155 13.34536 52.546326 658 1.0
156 13.329717 52.563217 535916 1.0
157 13.313445 52.479557 174218 1.0
158 13.30655 52.577553 260246 1.0
159 13.30926 52.56797 442 1.0
160 13.210484 52.527187 983886 1.0
161 13.281055 52.508278 622916 1.0
162 13.227858 52.507328 1005888 0.0
163 13.302941 52.518883 385706 1.0
164 13.549925 52.551933 255368 1.0
165 13.379223 52.569057 583068 1.0
166 13.331402 52.492992 1003890 0.0
167 13.568935 52.545013 207116 1.0
168 13.527053 52.556797 281220 1.0
169 13.449724 52.497017 563108 0.0
170 13.309344 52.49251 491308 1.0
171 13.421672 52.514008 455786 1.0
172 13.536443 52.531988 749671 0.4
173 13.365013 52.427303 714928 0.0
174 13.332343 52.59847 51688 0.0
175 13.335789 52.56436 380268 0.0
176 13.469518 52.54334 201762 1.0
177 13.531255 52.509808 353526 0.13
178 13.241099 52.537926 372534 1.0
179 13.467991 52.547413 201718 1.0
