0 13.408053 52.536995 494216 1.0
1 13.401839 52.52412 425298 1.0
2 13.416461 52.48374 755082 1.0
3 13.431619 52.481586 33782 1.0
4 13.38762 52.515556 22274 1.0
5 13.410275 52.48983 501288 0.0
6 13.604442 52.537834 344652 1.0
7 13.388478 52.487305 965584 0.0
8 13.401325 52.580494 986288 1.0
9 13.455455 52.429455 780046 1.0
10 13.359654 52.486465 24262 0.0
11 13.385049 52.49313 617670 1.0
12 13.414673 52.50132 27392 1.0
13 13.416983 52.500595 410462 1.0
14 13.401792 52.52453 805256 0.0
15 13.381992 52.52414 128230 1.0
16 13.423624 52.49039 521422 1.0
17 13.413022 52.558144 444692 1.0
18 13.6254 52.456482 76490 0.0
19 13.430779 52.55253 452284 1.0
20 13.394685 52.516186 294602 1.0
21 13.412053 52.520466 792126 1.0
22 13.570124 52.40128 15568 1.0
23 13.463785 52.516617 34584 0.0
24 13.446578 52.521362 28916 1.0
25 13.410732 52.539524 86588 1.0
26 13.413636 52.540024 338916 0.748
27 13.317934 52.45519 496288 1.0
28 13.439346 52.47753 853702 0.0
29 13.413303 52.539864 338902 1.0
30 13.322125 52.473522 16828 0.0
31 13.439346 52.47753 853702 0.0
32 13.40228 52.524048 425298 0.0
33 13.323123 52.510517 413152 0.0
34 13.40108 52.533108 117554 1.0
35 13.397655 52.53597 711216 1.0
36 13.512898 52.460934 471194 1.0
37 13.328688 52.50629 497876 1.0
38 13.532236 52.451797 858774 0.0
39 13.395293 52.518616 713602 1.0
40 13.38412 52.55604 18720 1.0
41 13.45436 52.506886 542424 1.0
42 13.312336 52.48948 89418 1.0
43 13.387928 52.493484 486 1.0
44 13.428226 52.479004 681168 1.0
45 13.373957 52.50914 999832 1.0
46 13.548048 52.43553 141840 0.0
47 13.42334 52.504448 415064 1.0
48 13.420495 52.50124 711222 1.0
49 13.367821 52.488274 684011 0.34
50 13.419642 52.501186 299582 1.0
51 13.421511 52.501823 694224 1.0
52 13.424824 52.483524 627344 1.0
53 13.309386 52.550606 485238 1.0
54 13.609428 52.53628 956376 0.571
55 13.401989 52.525124 439592 1.0
56 13.202313 52.53571 145626 1.0
57 13.430779 52.55253 452284 1.0
58 13.337427 52.504036 920978 1.0
59 13.373891 52.50947 999824 1.0
60 13.401361 52.565643 686310 1.0
61 13.43978 52.477608 853708 1.0
62 13.396099 52.51885 650280 1.0
63 13.396063 52.529793 935928 1.0
64 13.368552 52.54414 314436 1.0
65 13.321433 52.46689 16598 1.0
66 13.259761 52.43176 599316 1.0
67 13.407791 52.516647 364422 1.0
68 13.388056 52.492355 768088 1.0
69 13.326565 52.46433 408700 1.0
70 13.297688 52.44207 275902 1.0
71 13.443637 52.52525 870214 0.0
72 13.448782 52.51177 853228 0.0
73 13.364526 52.49173 899024 1.0
74 13.388209 52.487133 284886 0.0
75 13.477856 52.51642 35484 1.0
76 13.450966 52.516613 791348 1.0
77 13.201438 52.536762 128648 1.0
78 13.415001 52.543312 288818 1.0
79 13.425245 52.491547 270892 1.0
80 13.417085 52.49248 226930 1.0
81 13.363797 52.54353 652610 1.0
82 13.328834 52.51009 872820 1.0
83 13.502879 52.498993 568146 1.0
84 13.419296 52.531982 686598 1.0
85 13.385128 52.49834 577366 1.0
86 13.434526 52.471382 826926 0.0
87 13.415894 52.53526 340942 1.0
88 13.465351 52.50144 209192 1.0
89 13.381627 52.524513 555064 1.0
90 13.421908 52.495975 167982 1.0
91 13.43466 52.504599 705239 0.7
92 13.203115 52.53841 149048 0.0
93 13.372402 52.50723 394622 1.0
94 13.426204 52.494724 554574 0.0
95 13.427959 52.488342 627266 1.0
96 13.461518 52.512115 16498 1.0
97 13.430338 52.528957 412566 1.0
98 13.326593 52.494194 34780 1.0
99 13.348033 52.503459 693187 0.458
100 13.427593 52.490227 35350 1.0
101 13.568293 52.57138 551252 0.0
102 13.395265 52.51904 561878 1.0
103 13.41843 52.55128 590862 1.0
104 13.429278 52.484184 684150 1.0
105 13.359515 52.534126 863526 0.0
106 13.410289 52.529827 354678 1.0
107 13.290194 52.518368 96866 1.0
108 13.381081 52.50111 682160 1.0
109 13.319461 52.504433 848026 0.0
110 13.285913 52.583725 100322 0.0
111 13.270908 52.509045 918990 1.0
112 13.388333 52.52053 957732 1.0
113 13.388805 52.52017 961618 1.0
114 13.388668 52.52343 650290 1.0
115 13.388668 52.52343 650290 1.0
116 13.359515 52.534126 863526 0.0
117 13.372617 52.509293 323672 1.0
118 13.435391 52.525326 941616 1.0
119 13.41119 52.526066 27736 0.0
120 13.439969 52.517895 791094 1.0
121 13.401296 52.52549 26348 1.0
122 13.457811 52.512787 320570 1.0
123 13.541827 52.54219 954738 1.0
124 13.386611 52.4989 473282 1.0
125 13.450992 52.54884 309288 1.0
126 13.472408 52.51429 694928 1.0
127 13.51213 52.462223 645826 1.0
128 13.330462 52.477062 81376 1.0
129 13.302352 52.499043 180458 1.0
130 13.442946 52.49759 198874 0.0
131 13.317712 52.454277 601476 1.0
132 13.206372 52.538597 62084 1.0
133 13.366735 52.488274 684006 0.677
134 13.308455 52.506535 832714 0.0
135 13.328385 52.467087 21918 1.0
136 13.202313 52.53571 145626 1.0
137 13.308954 52.512012 931510 0.0
138 13.47754 52.51718 142106 1.0
139 13.558711 52.512016 580942 1.0
140 13.443302 52.524536 625938 1.0
