0 13.283325 52.575523 873136 1.0
1 13.497849 52.546886 346448 1.0
2 13.297384 52.48651 457692 0.0
3 13.57882 52.458225 281044 0.0
4 13.509152 52.456837 347382 1.0
5 13.576087 52.447456 82424 1.0
6 13.540436 52.419765 615786 1.0
7 13.527552 52.42472 586904 1.0
8 13.370009 52.421623 192438 1.0
9 13.507607 52.49955 251512 0.0
10 13.43452 52.513073 29386 1.0
11 13.495815 52.54582 374552 1.0
12 13.291401 52.506958 509050 1.0
13 13.289187 52.510555 25998 1.0
14 13.496308 52.518223 282696 1.0
15 13.286809 52.58607 967290 0.0
16 13.399737 52.386677 891902 0.522
17 13.370149 52.541927 186218 1.0
18 13.294761 52.510727 671320 1.0
19 13.395692 52.38668 615604 1.0
20 13.385529 52.550175 70434 1.0
21 13.368382 52.418884 752754 1.0
22 13.388931 52.55011 283414 1.0
23 13.385107 52.549927 741154 1.0
24 13.343785 52.435143 140526 1.0
25 13.403291 52.5247 86582 1.0
26 13.450665 52.548634 309302 1.0
27 13.216227 52.43837 1076 1.0
28 13.455195 52.54928 440540 1.0
29 13.455834 52.549416 440538 1.0
30 13.405309 52.38668 2320 0.715
31 13.404185 52.38668 2322 0.565
32 13.408977 52.387074 400390 1.0
33 13.406954 52.386158 272706 1.0
34 13.457079 52.42947 539054 0.143
35 13.218376 52.53811 370630 1.0
36 13.414002 52.550045 785648 1.0
37 13.453599 52.429356 405624 1.0
38 13.353604 52.549427 913894 0.0
39 13.424663 52.48796 765906 0.0
40 13.520069 52.513744 942384 1.0
41 13.288817 52.633026 693240 1.0
42 13.384254 52.550663 534224 1.0
43 13.518158 52.51368 722054 1.0
44 13.479211 52.516224 658740 0.0
45 13.447483 52.437542 746298 1.0
46 13.440342 52.499237 35146 1.0
47 13.479317 52.51981 673016 0.0
48 13.392119 52.55413 24122 0.0
49 13.535603 52.51111 406710 1.0
50 13.495787 52.50598 36386 1.0
51 13.50352 52.50969 36520 1.0
52 13.320908 52.41225 497480 1.0
53 13.28864 52.476814 2004 1.0
54 13.466653 52.524574 224642 1.0
55 13.398074 52.53482 354690 1.0
56 13.336363 52.523407 310924 1.0
57 13.303674 52.449257 480462 1.0
58 13.32262 52.51834 646790 0.0
59 13.384441 52.458168 528594 1.0
60 13.336846 52.52667 355862 1.0
61 13.342636 52.502747 604288 1.0
62 13.335447 52.52649 18192 1.0
63 13.335447 52.52649 18192 1.0
64 13.305038 52.512947 14122 1.0
65 13.304513 52.517338 10994 1.0
66 13.350278 52.541726 963196 0.8
67 13.324171 52.460564 272040 1.0
68 13.241928 52.42363 56168 1.0
69 13.155617 52.532616 909394 1.0
70 13.440302 52.541082 710629 0.5
71 13.266144 52.41442 118522 1.0
72 13.301452 52.488564 1003868 1.0
73 13.279986 52.53776 414476 1.0
74 13.30201 52.507957 13364 1.0
75 13.336069 52.5021 220858 0.0
76 13.282346 52.47801 764252 1.0
77 13.293308 52.474472 534878 1.0
78 13.304595 52.51661 11162 1.0
79 13.283493 52.47838 12888 0.0
80 13.253018 52.449932 678698 1.0
81 13.511727 52.504154 158716 1.0
82 13.260932 52.516033 681274 1.0
83 13.261371 52.51602 644054 1.0
84 13.269829 52.510803 875028 1.0
85 13.257401 52.518906 20078 1.0
86 13.265465 52.511696 24702 1.0
87 13.268413 52.51163 875020 1.0
88 13.307506 52.504574 13238 0.0
89 13.313375 52.620754 335979 0.167
90 13.278749 52.518383 310648 1.0
91 13.201419 52.547775 50436 1.0
92 13.543617 52.52355 77604 1.0
93 13.462762 52.523514 526718 1.0
94 13.360871 52.49818 182938 1.0
95 13.301303 52.58369 31672 1.0
96 13.47801 52.429283 696912 1.0
97 13.33888 52.486706 15656 1.0
98 13.507059 52.403946 694150 0.0
99 13.492209 52.42028 281952 1.0
100 13.332239 52.46851 454866 1.0
101 13.333298 52.469017 19738 0.0
102 13.32143 52.457565 522532 1.0
103 13.329971 52.458153 37616 1.0
104 13.366963 52.493305 413604 1.0
105 13.363674 52.50079 29822 0.0
106 13.297786 52.510525 9524 1.0
107 13.283957 52.506397 660472 1.0
108 13.324056 52.493927 4128 1.0
109 13.322927 52.489872 719430 1.0
110 13.299192 52.4732 473658 1.0
111 13.322759 52.488926 719432 1.0
112 13.401696 52.589478 772208 1.0
113 13.411044 52.57133 985980 1.0
114 13.39794 52.580116 42796 1.0
115 13.40369 52.5804 356502 1.0
116 13.363531 52.499626 29856 0.0
117 13.359926 52.433666 786626 1.0
118 13.462873 52.425434 396504 1.0
119 13.479004 52.526733 707660 1.0
120 13.331813 52.506634 957784 1.0
121 13.359597 52.574253 782 1.0
122 13.54773 52.438255 109038 0.0
123 13.542882 52.436 152986 0.0
124 13.258966 52.43223 332174 1.0
125 13.409472 52.48994 889164 1.0
126 13.574803 52.487076 278670 1.0
127 13.397543 52.56584 144722 0.0
128 13.32244 52.458763 272048 1.0
129 13.422026 52.535698 158588 1.0
130 13.431904 52.5545 277856 1.0
131 13.33966 52.497578 13678 1.0
132 13.415894 52.491 930566 1.0
133 13.413699 52.491714 497696 0.0
134 13.359377 52.573406 168228 1.0
135 13.413295 52.502926 27404 1.0
136 13.517615 52.5673 296476 1.0
137 13.350706 52.53238 955542 1.0
138 13.525564 52.567936 65234 1.0
139 13.507556 52.564514 296574 1.0
140 13.413537 52.540848 504438 1.0
141 13.341213 52.45078 858422 0.0
142 13.411834 52.540585 270956 1.0
143 13.361779 52.568516 31290 1.0
144 13.587567 52.441242 663616 0.0
145 13.402369 52.41186 461392 1.0
146 13.326565 52.46433 408700 1.0
147 13.4194 52.49926 454414 1.0
148 13.34308 52.51871 454532 1.0
149 13.402532 52.569305 971678 1.0
150 13.328671 52.465027 454852 1.0
151 13.296382 52.44326 400124 1.0
152 13.385128 52.49834 577366 1.0
153 13.297212 52.511826 11568 1.0
154 13.334409 52.526794 185076 1.0
155 13.498168 52.51399 189250 1.0
156 13.559367 52.55523 68804 0.0
157 13.455211 52.51201 502110 1.0
158 13.363223 52.550865 738234 1.0
159 13.28629 52.535328 879336 1.0
160 13.469142 52.507637 511718 1.0
161 13.15783 52.419395 262592 1.0
162 13.47315 52.51379 844954 1.0
163 13.345267 52.436745 214406 1.0
164 13.390057 52.512135 178484 1.0
165 13.490356 52.61731 568718 0.0
166 13.443495 52.484238 443916 1.0
167 13.215092 52.43898 811556 1.0
168 13.260955 52.436077 366040 1.0
169 13.261642 52.410885 93682 1.0
170 13.162944 52.551052 414742 1.0
171 13.17724 52.54706 58014 1.0
172 13.294492 52.474236 473680 1.0
173 13.495527 52.53587 489016 0.0
174 13.436466 52.418213 124802 0.0
175 13.43065 52.49782 468248 1.0
176 13.319724 52.456963 299330 1.0
177 13.427761 52.490227 780618 0.129
178 13.538617 52.52787 289386 0.025
179 13.259652 52.435276 185274 1.0
180 13.261887 52.437412 300384 1.0
181 13.408985 52.50146 27358 1.0
182 13.183938 52.544544 148874 1.0
183 13.260202 52.434525 64102 1.0
184 13.357096 52.40735 251052 1.0
185 13.282447 52.50996 415186 1.0
186 13.295723 52.513386 525148 1.0
187 13.38008 52.438686 492680 1.0
188 13.441383 52.54352 28354 1.0
189 13.27917 52.577347 563632 1.0
190 13.289628 52.634068 707436 1.0
191 13.286774 52.6326 712900 1.0
192 13.509993 52.45704 946446 1.0
193 13.450978 52.515846 517100 1.0
194 13.353013 52.55001 767770 1.0
195 13.409137 52.504276 691460 1.0
196 13.345537 52.554184 523366 0.0
197 13.601095 52.480686 114476 0.0
198 13.28152 52.510185 935672 1.0
199 13.52427 52.478603 493968 1.0
200 13.385185 52.538002 664574 1.0
201 13.430383 52.469112 583162 1.0
202 13.31969 52.47162 176856 1.0
203 13.393827 52.540318 936580 1.0
204 13.286954 52.59031 734708 1.0
205 13.439686 52.523796 28936 1.0
206 13.284205 52.589108 341844 1.0
207 13.282804 52.589306 265214 1.0
208 13.521312 52.497467 470702 1.0
209 13.432147 52.501938 693474 1.0
210 13.574645 52.444813 186748 1.0
211 13.584538 52.428944 493816 1.0
212 13.576914 52.455482 473872 1.0
213 13.576249 52.454567 75678 1.0
214 13.461704 52.516075 642496 1.0
215 13.387301 52.491947 318238 1.0
216 13.42575 52.5297 27982 1.0
217 13.361087 52.49466 454480 1.0
218 13.218835 52.557827 63460 1.0
219 13.521049 52.451817 545572 1.0
220 13.354719 52.59834 331354 1.0
221 13.422202 52.53318 27906 1.0
222 13.241306 52.5433 279272 1.0
223 13.238603 52.54258 272972 1.0
224 13.371373 52.565205 868046 1.0
225 13.169755 52.51842 330450 1.0
226 13.33885 52.48847 330122 1.0
227 13.516681 52.510563 400940 1.0
228 13.267401 52.536766 279198 1.0
229 13.268516 52.53674 257780 1.0
230 13.349673 52.482613 365288 1.0
231 13.388876 52.436478 279876 1.0
232 13.524392 52.48275 579436 0.0
233 13.387623 52.526146 920478 1.0
234 13.343831 52.489 15352 1.0
235 13.428415 52.484432 37690 1.0
236 13.558484 52.50595 569126 1.0
237 13.451262 52.50899 183782 1.0
238 13.431502 52.532074 28032 1.0
239 13.50626 52.493565 676410 1.0
240 13.329396 52.609467 263536 1.0
241 13.402372 52.581425 532532 0.0
242 13.32924 52.445854 382512 1.0
243 13.269836 52.45149 847710 1.0
244 13.372726 52.44597 660116 1.0
245 13.389775 52.434948 279870 1.0
246 13.410025 52.52883 909226 1.0
247 13.386539 52.442146 259528 1.0
248 13.302309 52.437893 275924 1.0
249 13.460209 52.494111 99646 0.846
250 13.428268 52.588005 472750 1.0
251 13.305699 52.417103 101758 1.0
252 13.287012 52.432938 599098 1.0
253 13.420029 52.499004 659156 1.0
254 13.313246 52.423 40632 1.0
255 13.303488 52.42674 512174 0.0
256 13.57307 52.567978 458824 1.0
257 13.323735 52.471798 856024 1.0
258 13.451191 52.509857 504496 1.0
259 13.310628 52.465065 250556 1.0
260 13.270623 52.43852 970116 1.0
261 13.355891 52.548336 359334 1.0
262 13.33333 52.595448 169382 1.0
263 13.456287 52.436428 575274 1.0
264 13.459281 52.560246 867420 0.0
265 13.263795 52.487278 30318 0.0
266 13.496829 52.41828 633174 1.0
267 13.374887 52.507595 122076 1.0
268 13.195188 52.43014 1474 1.0
269 13.56362 52.57082 458840 1.0
270 13.391408 52.39843 305766 1.0
271 13.471433 52.528362 790216 1.0
272 13.323888 52.49523 706898 1.0
273 13.319947 52.496033 8262 1.0
274 13.411922 52.567635 589454 1.0
275 13.324531 52.497944 8502 1.0
276 13.437901 52.53265 28076 1.0
277 13.385819 52.46564 706881 0.494
278 13.423996 52.549436 882489 0.462
279 13.391327 52.56345 30798 0.0
280 13.290731 52.515343 15036 1.0
281 13.43157 52.467422 928888 1.0
282 13.392346 52.49053 27046 1.0
283 13.290111 52.518887 96868 1.0
284 13.309119 52.516678 409296 0.0
285 13.493427 52.636177 160242 1.0
286 13.330723 52.500134 941066 1.0
287 13.322796 52.497307 8300 1.0
288 13.475464 52.42288 779128 0.27
289 13.504908 52.573124 867700 1.0
290 13.552068 52.534428 924640 1.0
291 13.587484 52.521225 670600 1.0
292 13.483935 52.425365 270326 1.0
293 13.558067 52.52513 700906 1.0
294 13.448424 52.485287 154524 1.0
295 13.420645 52.495384 580718 1.0
296 13.312053 52.498062 7250 1.0
297 13.310958 52.496174 8432 1.0
298 13.336155 52.530396 18184 1.0
299 13.312937 52.49968 7254 1.0
300 13.341912 52.4472 685918 1.0
301 13.339632 52.448353 843320 1.0
302 13.389901 52.510666 710232 1.0
303 13.326623 52.479763 838952 1.0
304 13.450516 52.489216 35206 1.0
305 13.395999 52.51069 485622 1.0
306 13.469956 52.531868 992376 1.0
307 13.468411 52.527676 651368 1.0
308 13.486722 52.54092 73034 1.0
309 13.328803 52.563 565250 1.0
310 13.317102 52.566666 242804 1.0
311 13.394375 52.506958 4436 1.0
312 13.408937 52.524178 27716 0.0
313 13.331324 52.486572 998320 1.0
314 13.442559 52.542976 348646 1.0
315 13.31894 52.48144 9022 1.0
316 13.32535 52.486538 475188 0.0
317 13.409595 52.521595 782140 1.0
318 13.411033 52.52016 163672 1.0
319 13.383755 52.530746 621072 0.0
320 13.386651 52.511925 386154 1.0
321 13.329067 52.481735 9092 1.0
322 13.271533 52.51024 919014 1.0
323 13.321387 52.570305 88696 1.0
324 13.32065 52.48527 17872 1.0
325 13.349965 52.526356 20466 1.0
326 13.356981 52.524835 88282 0.857
327 13.555939 52.520096 74336 0.0
328 13.326498 52.49115 14582 0.0
329 13.542598 52.526688 351450 0.543
330 13.542431 52.527794 282074 1.0
331 13.40549 52.513725 870762 1.0
332 13.328068 52.564415 450706 0.0
333 13.408013 52.550983 74024 1.0
334 13.572625 52.412254 745522 0.0
335 13.29705 52.506844 869892 1.0
336 13.413387 52.54926 783596 1.0
337 13.440097 52.48179 324673 0.277
338 13.43942 52.48025 784992 1.0
339 13.350035 52.549763 773416 1.0
340 13.321708 52.506763 641850 1.0
341 13.427081 52.53577 27888 1.0
342 13.188085 52.537373 290548 1.0
343 13.613662 52.509373 285260 1.0
344 13.591849 52.50733 163334 0.0
345 13.582696 52.51772 876106 1.0
346 13.612336 52.51129 69840 1.0
347 13.456597 52.490307 354276 1.0
348 13.47971 52.524338 213876 1.0
349 13.414309 52.5079 226196 1.0
350 13.219444 52.432133 126950 1.0
351 13.399045 52.50013 27118 0.379
352 13.413521 52.49337 377544 1.0
353 13.231667 52.612686 514424 1.0
354 13.234586 52.607483 59960 1.0
355 13.307058 52.49866 9476 1.0
356 13.445159 52.479126 324710 0.0
357 13.206114 52.537525 61414 1.0
358 13.203734 52.537548 57054 1.0
359 13.201683 52.53605 59412 1.0
360 13.205169 52.536716 61408 1.0
361 13.373684 52.54379 450002 1.0
362 13.198069 52.532417 430650 1.0
363 13.216547 52.42733 967480 1.0
364 13.709623 52.432774 133520 1.0
365 13.393999 52.489143 820038 1.0
366 13.195285 52.535492 79194 1.0
367 13.197023 52.52529 321146 1.0
368 13.442187 52.467785 916420 0.0
369 13.197244 52.52104 25656 1.0
370 13.194901 52.52015 813786 1.0
371 13.206107 52.542976 331426 1.0
372 13.195873 52.528618 150464 1.0
373 13.346357 52.436466 376812 1.0
374 13.468914 52.51747 311734 1.0
375 13.18311 52.51263 71810 1.0
376 13.342516 52.556194 200125 0.29
377 13.386694 52.52366 1004198 1.0
378 13.488842 52.467037 105190 1.0
379 13.197825 52.521942 25878 0.0
380 13.61184 52.513294 774778 1.0
381 13.572535 52.568016 902308 1.0
382 13.444643 52.564644 377036 1.0
383 13.430286 52.49555 13986 1.0
384 13.42798 52.4935 366 0.0
385 13.526127 52.482445 579524 1.0
386 13.209393 52.54718 61010 0.0
387 13.46541 52.51457 845012 1.0
388 13.464741 52.514633 11804 0.0
389 13.330847 52.467392 19752 0.0
390 13.328227 52.467087 10564 1.0
391 13.496794 52.49967 763822 0.0
392 13.353101 52.412926 815906 1.0
393 13.321155 52.45663 888990 1.0
394 13.335172 52.595215 460542 1.0
395 13.399839 52.416542 279816 1.0
396 13.186518 52.547256 132930 1.0
397 13.343107 52.479908 21610 0.0
398 13.513022 52.505836 934958 0.0
399 13.328885 52.428753 1001766 1.0
400 13.418796 52.492035 226934 1.0
401 13.514515 52.505314 721190 1.0
402 13.326092 52.427596 237855 0.492
403 13.142467 52.525047 534158 1.0
404 13.358742 52.54636 121052 1.0
405 13.320066 52.50162 298416 1.0
406 13.406451 52.535416 48596 1.0
407 13.450896 52.52737 664784 0.0
408 13.29248 52.457527 603312 1.0
409 13.2899 52.475494 6032 1.0
410 13.41536 52.566555 478830 1.0
411 13.317047 52.502876 838498 1.0
412 13.398245 52.423424 370544 1.0
413 13.356731 52.486565 460670 1.0
414 13.297016 52.49804 10166 1.0
415 13.414111 52.526947 27742 1.0
416 13.344975 52.491275 15384 0.5
417 13.399107 52.535305 565208 0.0
418 13.385244 52.44806 275482 0.0
419 13.311695 52.500847 516472 1.0
420 13.449927 52.523396 48450 0.0
421 13.317819 52.457935 300660 0.0
422 13.414936 52.5267 687190 1.0
423 13.537259 52.43192 428388 0.0
424 13.44275 52.51782 791080 1.0
425 13.327703 52.454586 304164 1.0
426 13.536315 52.433094 477940 1.0
427 13.301949 52.525833 5952 1.0
428 13.449795 52.521584 29074 1.0
429 13.429609 52.517838 999012 1.0
430 13.363938 52.41288 280042 1.0
431 13.410807 52.521866 791860 1.0
432 13.591764 52.520863 670674 1.0
433 13.397851 52.52769 26322 0.0
434 13.415325 52.518654 27664 1.0
435 13.275378 52.53617 879922 1.0
436 13.419041 52.522125 264618 1.0
437 13.386333 52.55939 241894 0.0
438 13.425995 52.47753 361300 1.0
439 13.366993 52.551716 916794 1.0
440 13.368329 52.549976 389564 1.0
441 13.461331 52.508663 133322 1.0
442 13.465652 52.506256 556580 1.0
443 13.397754 52.5325 87584 1.0
444 13.388288 52.503048 432438 0.0
445 13.322688 52.42909 597048 1.0
446 13.337802 52.431732 140550 1.0
447 13.32317 52.506428 618726 1.0
448 13.571475 52.543488 282128 1.0
449 13.307961 52.506668 259116 1.0
450 13.306578 52.507137 1001568 1.0
451 13.422903 52.47717 627452 0.0
452 13.406002 52.552746 25132 1.0
453 13.455906 52.50106 468078 0.0
454 13.330421 52.52668 18160 1.0
455 13.38492 52.484497 915756 1.0
456 13.415391 52.549454 338268 1.0
457 13.313961 52.50621 13230 1.0
458 13.3241 52.454666 69812 1.0
459 13.298483 52.441334 275906 1.0
460 13.233043 52.43792 400094 1.0
461 13.508823 52.451458 700502 1.0
462 13.292378 52.49745 2090 1.0
463 13.379385 52.524857 668824 1.0
464 13.525537 52.458897 486964 1.0
465 13.415196 52.547516 451220 1.0
466 13.388249 52.518696 635468 1.0
467 13.334311 52.524517 18260 1.0
468 13.330402 52.4535 16364 1.0
469 13.579809 52.459206 283168 1.0
470 13.435189 52.494087 13978 1.0
471 13.206894 52.56209 120560 1.0
472 13.558483 52.50539 370288 1.0
473 13.420013 52.606716 412284 1.0
474 13.297888 52.4955 57470 0.0
475 13.295535 52.497498 493622 1.0
476 13.495158 52.50474 665198 1.0
477 13.305648 52.511456 285822 1.0
478 13.305597 52.50968 385110 1.0
479 13.419945 52.54219 509850 0.0
480 13.308698 52.51144 511254 0.0
481 13.20863 52.56228 433316 1.0
482 13.356669 52.486137 989118 1.0
483 13.5769 52.549667 78062 1.0
484 13.208299 52.55751 264472 1.0
485 13.315214 52.447994 12426 1.0
486 13.34415 52.478916 883442 1.0
487 13.496799 52.51189 79824 1.0
488 13.315654 52.441654 600520 1.0
489 13.382909 52.551582 168126 1.0
490 13.307186 52.446922 29172 1.0
491 13.30662 52.508892 13212 1.0
492 13.381405 52.552505 937270 1.0
493 13.624734 52.45044 76502 1.0
494 13.625351 52.45609 807900 1.0
495 13.44145 52.47069 626788 1.0
496 13.624753 52.451256 807922 1.0
497 13.496867 52.415302 707460 1.0
498 13.503996 52.548588 712754 1.0
499 13.35499 52.485577 518572 1.0
500 13.304946 52.525696 104550 1.0
501 13.434294 52.481426 808690 1.0
502 13.438214 52.47891 473246 1.0
503 13.434294 52.481426 808690 1.0
504 13.42659 52.485153 688682 1.0
505 13.436217 52.480213 460988 1.0
506 13.435178 52.480892 871244 1.0
507 13.390824 52.50514 517302 1.0
508 13.391273 52.499648 11646 0.167
509 13.449591 52.474007 55734 1.0
510 13.386096 52.467056 607316 1.0
511 13.425643 52.479298 379126 1.0
512 13.462942 52.47024 296012 1.0
513 13.44081 52.47337 167300 0.0
514 13.426792 52.476093 256670 1.0
515 13.438691 52.477356 385668 0.0
516 13.439943 52.47489 827374 1.0
517 13.39449 52.491833 27058 1.0
518 13.292378 52.49745 2090 1.0
519 13.431723 52.466496 1002362 1.0
520 13.433574 52.463715 626726 1.0
521 13.385802 52.445942 259542 1.0
522 13.385716 52.445564 259518 0.0
523 13.38398 52.45674 869414 1.0
524 13.385492 52.446808 275482 1.0
525 13.448805 52.553146 34386 0.0
526 13.414502 52.55459 101950 1.0
527 13.424144 52.48988 580684 1.0
528 13.423624 52.49039 521422 1.0
529 13.306594 52.500076 935472 1.0
530 13.444819 52.499588 718970 0.5
531 13.437154 52.45615 61634 1.0
532 13.438506 52.453514 987150 1.0
533 13.413008 52.55994 322558 1.0
534 13.413692 52.55879 544600 1.0
535 13.240805 52.442387 40914 1.0
536 13.46797 52.527695 970628 1.0
537 13.509845 52.55059 65048 1.0
538 13.474415 52.536045 206670 1.0
539 13.412969 52.546776 30354 1.0
540 13.412302 52.532673 73326 1.0
541 13.456653 52.44243 280258 1.0
542 13.410209 52.57079 775446 1.0
543 13.505757 52.445824 584438 1.0
544 13.458784 52.44137 575426 1.0
545 13.52364 52.48702 591786 1.0
546 13.509407 52.452736 190768 0.0
547 13.403503 52.569622 662024 1.0
548 13.485571 52.515263 694930 1.0
549 13.403787 52.582355 590790 1.0
550 13.33554 52.5596 767722 0.0
551 13.419806 52.496513 272360 1.0
552 13.409849 52.571087 30632 1.0
553 13.423357 52.491085 14006 0.0
554 13.422466 52.492558 580706 1.0
555 13.368788 52.54494 23228 1.0
556 13.442675 52.48034 324630 0.0
557 13.474584 52.514393 541290 1.0
558 13.342335 52.499165 76338 1.0
559 13.488424 52.512455 758260 0.0
560 13.416878 52.571934 254534 1.0
561 13.440791 52.5165 666800 0.0
562 13.377612 52.45623 515966 0.0
563 13.360966 52.545273 18578 1.0
564 13.197511 52.524254 25802 1.0
565 13.42907 52.50237 419284 0.0
566 13.466547 52.485664 456542 1.0
567 13.261341 52.444695 41932 1.0
568 13.430524 52.468433 280714 1.0
569 13.605545 52.537163 295040 1.0
570 13.432692 52.51715 789846 0.0
571 13.379904 52.456078 31578 1.0
572 13.603275 52.53622 956312 1.0
573 13.43511 52.460136 881414 0.0
574 13.281364 52.477192 856212 1.0
575 13.433933 52.48483 534628 1.0
576 13.383633 52.49393 299528 1.0
577 13.145752 52.415596 8884 1.0
578 13.485766 52.46431 939460 1.0
579 13.561587 52.400925 619626 1.0
580 13.382448 52.592194 346846 1.0
581 13.314489 52.474293 17038 1.0
582 13.315162 52.472813 16672 1.0
583 13.457502 52.53162 357878 1.0
584 13.307508 52.472504 110794 1.0
585 13.285748 52.587463 341940 1.0
586 13.309999 52.511993 931530 0.0
587 13.385143 52.460808 607948 1.0
588 13.284143 52.589806 489070 1.0
