0 13.391382 52.513115 22302 1.0
1 13.302427 52.5842 246212 1.0
2 13.328669 52.563713 255086 1.0
3 13.313506 52.57135 242792 1.0
4 13.344363 52.548855 20588 1.0
5 13.309996 52.569977 508370 0.0
6 13.352166 52.5396 18440 1.0
7 13.367827 52.568417 31036 1.0
8 13.369407 52.56876 31038 1.0
9 13.322136 52.570175 88690 0.5
10 13.141974 52.534092 132446 0.0
11 13.316089 52.570995 17456 0.0
12 13.317148 52.568794 17450 1.0
13 13.320816 52.565334 908590 1.0
14 13.314039 52.569885 17474 1.0
15 13.332647 52.596664 62072 1.0
16 13.30492 52.57252 60298 1.0
17 13.301021 52.522907 576044 0.0
18 13.321498 52.569607 526154 0.0
19 13.356864 52.543266 819590 0.0
20 13.326595 52.564457 95002 0.0
21 13.33002 52.57548 747800 1.0
22 13.413036 52.544094 426940 0.0
23 13.425026 52.535675 549732 1.0
24 13.476899 52.523388 35520 1.0
25 13.420049 52.513103 410390 1.0
26 13.41634 52.533215 595698 0.0
27 13.420214 52.53612 73368 1.0
28 13.263433 52.487885 34908 1.0
29 13.364393 52.564 930880 0.0
30 13.395727 52.529667 935922 1.0
31 13.435686 52.469105 269168 0.0
32 13.466623 52.505424 556582 1.0
33 13.342512 52.461464 21878 1.0
34 13.339347 52.461414 606198 1.0
35 13.361401 52.555134 288850 0.0
36 13.578295 52.459324 994620 1.0
37 13.447859 52.471294 661216 1.0
38 13.215617 52.428802 174878 1.0
39 13.465864 52.51792 34574 1.0
40 13.462731 52.51984 639974 0.0
41 13.459409 52.516186 853572 1.0
42 13.45551 52.518684 833550 1.0
43 13.456634 52.510838 130518 0.0
44 13.459566 52.51409 682576 1.0
45 13.461518 52.512115 16498 1.0
46 13.456409 52.510363 685951 0.457
47 13.421605 52.492893 248302 1.0
48 13.460508 52.500294 34874 1.0
49 13.20262 52.537918 57054 0.0
50 13.456256 52.54832 46600 1.0
51 13.317176 52.506035 868788 1.0
52 13.20197 52.537228 44630 0.0
53 13.460582 52.510197 130508 1.0
54 13.459362 52.512505 34816 0.0
55 13.466372 52.513153 804168 1.0
56 13.466372 52.513153 804168 1.0
57 13.426369 52.490124 35348 1.0
58 13.426369 52.490124 35348 1.0
59 13.328484 52.50583 497982 1.0
60 13.438043 52.468845 627064 1.0
61 13.458735 52.512619 320570 0.404
62 13.32317 52.506428 618726 1.0
63 13.403779 52.55129 74018 1.0
64 13.344268 52.52043 2262 1.0
65 13.452213 52.525146 72774 1.0
66 13.423472 52.47895 440518 1.0
67 13.317691 52.517845 19366 1.0
68 13.488747 52.547783 536080 1.0
69 13.333015 52.57809 220390 1.0
70 13.281796 52.528843 244168 1.0
71 13.331914 52.52396 18270 1.0
72 13.480008 52.52736 656362 1.0
73 13.287916 52.58886 341830 1.0
74 13.420129 52.491695 35324 0.0
75 13.400147 52.494473 926380 1.0
76 13.368677 52.544384 23204 1.0
77 13.401827 52.525146 439588 1.0
78 13.408299 52.5292 680146 1.0
79 13.449177 52.528774 72718 1.0
80 13.447637 52.52546 1008272 0.0
81 13.457207 52.528843 573288 1.0
82 13.398436 52.526447 466354 1.0
83 13.416351 52.549225 338260 1.0
84 13.404592 52.534187 25164 0.0
85 13.451515 52.52614 72772 1.0
86 13.454227 52.52217 48448 1.0
87 13.384431 52.52227 5786 1.0
88 13.38754 52.525352 316652 1.0
89 13.461331 52.508663 133322 1.0
90 13.386065 52.521423 652262 1.0
91 13.404565 52.535862 183098 1.0
92 13.402683 52.533478 117558 1.0
93 13.423245 52.519447 935798 1.0
94 13.363856 52.41413 106664 1.0
95 13.459402 52.51415 682574 1.0
96 13.460864 52.514336 155416 1.0
97 13.407135 52.533257 25258 1.0
98 13.386065 52.521423 652262 1.0
99 13.399816 52.532814 117552 1.0
100 13.406308 52.532375 25260 1.0
101 13.421307 52.477013 627456 0.0
102 13.4034 52.534023 25196 1.0
103 13.479066 52.540314 484198 1.0
104 13.324272 52.47989 9110 1.0
105 13.294556 52.44312 501834 1.0
106 13.564942 52.541622 66048 0.615
107 13.202971 52.542553 50416 1.0
108 13.525695 52.48153 891978 1.0
109 13.464338 52.497528 380220 1.0
110 13.459331 52.501063 148733 0.111
111 13.513561 52.46223 471190 1.0
112 13.453673 52.504128 34728 0.0
113 13.430524 52.468433 280714 1.0
114 13.309437 52.507877 160158 1.0
115 13.423472 52.47895 440518 1.0
116 13.570592 52.54998 74824 1.0
117 13.348224 52.48195 659936 1.0
118 13.419901 52.545784 86604 1.0
119 13.445434 52.499256 104476 0.0
120 13.466725 52.505375 556584 1.0
121 13.356445 52.49785 231126 1.0
122 13.558161 52.54649 143970 1.0
123 13.315386 52.50317 8352 1.0
124 13.387918 52.517914 968346 1.0
125 13.499977 52.509327 203264 1.0
126 13.281622 52.58933 49894 0.0
127 13.437425 52.493465 13974 1.0
128 13.434986 52.491264 773946 1.0
129 13.577901 52.497646 172404 1.0
130 13.433405 52.492405 277740 1.0
131 13.407638 52.531708 849422 1.0
132 13.271133 52.534977 22370 1.0
133 13.466725 52.505375 556584 1.0
134 13.456634 52.510838 130518 0.0
135 13.567983 52.550835 74642 1.0
136 13.421301 52.54172 73374 1.0
137 13.357633 52.545364 278266 0.0
138 13.588791 52.51235 386644 1.0
139 13.431728 52.497456 263416 1.0
140 13.416119 52.54285 288810 1.0
141 13.429634 52.49816 453206 0.0
142 13.42853 52.498676 659190 1.0
143 13.361973 52.488445 88728 1.0
144 13.281212 52.589256 79920 1.0
145 13.417254 52.543404 292456 1.0
146 13.353386 52.48922 240130 1.0
147 13.42417 52.544067 384954 1.0
148 13.418258 52.54652 86604 0.0
149 13.421301 52.54172 73374 1.0
150 13.423568 52.542336 999112 1.0
151 13.463926 52.513004 11808 1.0
152 13.47145 52.51083 86816 1.0
153 13.31002 52.50195 243444 1.0
154 13.463785 52.516617 34584 0.0
155 13.465167 52.516357 34578 1.0
156 13.459676 52.5113 133298 0.0
157 13.497773 52.511925 709890 1.0
158 13.309128 52.50029 242856 1.0
159 13.407188 52.52271 755292 1.0
160 13.404908 52.52068 412386 1.0
161 13.488958 52.502926 665094 1.0
162 13.460261 52.510487 133316 1.0
163 13.302333 52.52129 170785 0.476
164 13.313746 52.51817 15138 1.0
165 13.408758 52.529 160258 1.0
166 13.305186 52.502018 551208 1.0
167 13.425099 52.48043 256652 1.0
168 13.443407 52.475796 573974 1.0
169 13.202342 52.538616 60958 1.0
170 13.425207 52.480083 199508 0.0
171 13.42495 52.502052 272380 0.0
172 13.454811 52.472923 293068 1.0
173 13.407913 52.521683 174982 1.0
174 13.317896 52.528786 785426 1.0
175 13.437477 52.463547 340920 1.0
176 13.436609 52.466328 269192 1.0
177 13.384897 52.449265 610028 1.0
178 13.385716 52.445564 259518 0.0
179 13.383797 52.456474 704782 1.0
180 13.38376 52.455334 948738 1.0
181 13.449895 52.476784 394766 1.0
182 13.443096 52.470493 627152 1.0
183 13.437573 52.45511 61624 1.0
184 13.437386 52.455917 62544 1.0
185 13.204431 52.53619 61396 1.0
186 13.429641 52.552868 589098 1.0
187 13.442094 52.465736 167556 1.0
188 13.442488 52.465454 457500 1.0
189 13.440399 52.46743 263342 1.0
190 13.431723 52.466496 1002362 1.0
191 13.420335 52.465088 687510 1.0
192 13.433425 52.46504 878424 1.0
193 13.438187 52.466507 626818 1.0
194 13.433574 52.463715 626726 1.0
195 13.394397 52.486 799596 1.0
196 13.434793 52.461895 61576 1.0
197 13.43829 52.452663 967968 1.0
198 13.394595 52.465477 466238 1.0
199 13.407838 52.50001 27356 1.0
200 13.392996 52.545357 24282 1.0
201 13.441112 52.472725 725554 1.0
202 13.419269 52.496403 451852 1.0
203 13.45188 52.49239 568006 1.0
204 13.441318 52.471535 573184 1.0
205 13.192736 52.524166 25822 1.0
206 13.451117 52.486893 627300 1.0
207 13.479791 52.461006 505882 1.0
208 13.450996 52.47174 972098 1.0
209 13.432717 52.487034 324618 1.0
210 13.439592 52.484016 324608 1.0
211 13.469193 52.51863 263486 1.0
212 13.412475 52.56115 687762 1.0
213 13.509747 52.550751 65049 0.35
214 13.456965 52.44211 280254 1.0
215 13.336361 52.559357 638346 1.0
216 13.342179 52.555954 770 1.0
217 13.39533 52.582764 45718 1.0
218 13.33365 52.560665 767706 0.0
219 13.42472 52.474903 15874 1.0
220 13.437375 52.48293 520502 1.0
221 13.506796 52.446457 190958 1.0
222 13.447223 52.47502 170312 1.0
223 13.422632 52.465908 808794 1.0
224 13.431316 52.4678 914602 1.0
225 13.46427 52.528942 684254 1.0
226 13.422632 52.465908 808794 1.0
227 13.452118 52.474598 54832 1.0
228 13.440576 52.47377 411832 0.0
229 13.390981 52.49954 11648 1.0
230 13.451011 52.474064 394316 1.0
231 13.42975 52.470295 559528 1.0
232 13.445274 52.47921 324710 1.0
233 13.479464 52.502907 347164 1.0
234 13.480514 52.50316 347168 1.0
235 13.604442 52.537834 344652 1.0
236 13.589057 52.53936 222374 1.0
237 13.4422 52.467678 1007646 1.0
238 13.472869 52.51214 666052 1.0
239 13.319427 52.459423 584830 1.0
240 13.438338 52.497253 35146 0.0
241 13.454128 52.49747 965492 1.0
242 13.408094 52.54933 143908 1.0
243 13.419901 52.545784 86604 1.0
244 13.371205 52.522564 3700 1.0
245 13.443063 52.482292 324614 1.0
246 13.444357 52.48166 324616 1.0
247 13.461957 52.516304 642502 1.0
248 13.425705 52.492443 35334 1.0
249 13.409715 52.53857 86594 1.0
250 13.432491 52.51864 28868 1.0
251 13.318025 52.46111 243428 1.0
252 13.409531 52.53864 354414 1.0
253 13.401754 52.52238 248750 1.0
254 13.398227 52.51126 934436 0.0
255 13.432415 52.470142 329404 0.0
256 13.466262 52.512768 553236 1.0
257 13.438987 52.46024 881586 1.0
258 13.42304 52.542114 593930 0.0
259 13.469893 52.512394 553242 1.0
260 13.461957 52.516304 642502 1.0
261 13.469892 52.51136 105414 1.0
262 13.475252 52.511883 332238 1.0
263 13.42775 52.48114 33778 1.0
264 13.422523 52.539555 641784 1.0
265 13.454061 52.487915 749962 1.0
266 13.453972 52.488937 61968 0.0
267 13.423192 52.479855 199508 1.0
268 13.423192 52.479855 199508 1.0
269 13.388399 52.49132 768096 1.0
270 13.432675 52.47638 971504 0.0
271 13.355251 52.54184 18474 1.0
272 13.356949 52.5422 18478 1.0
273 13.283382 52.58661 49928 1.0
274 13.397505 52.529537 827638 1.0
275 13.437637 52.544376 501624 1.0
276 13.275339 52.53644 879944 0.0
277 13.514988 52.505585 109756 1.0
278 13.420837 52.54255 376674 0.0
279 13.511971 52.461952 645826 0.0
280 13.330456 52.52109 652246 1.0
281 13.383834 52.55578 960338 1.0
282 13.513682 52.461967 491192 0.0
283 13.517612 52.505882 740332 1.0
284 13.388301 52.521877 26442 1.0
285 13.278749 52.588577 276110 1.0
286 13.296439 52.501514 4456 1.0
287 13.415467 52.547756 73524 1.0
288 13.415559 52.54402 354514 1.0
289 13.416375 52.547184 71392 1.0
290 13.4177 52.546005 354494 1.0
291 13.42941 52.494663 13984 1.0
292 13.443422 52.500713 913800 1.0
293 13.512014 52.50715 722750 1.0
294 13.320365 52.48182 9066 0.0
295 13.20264 52.542656 50414 1.0
296 13.352557 52.494827 445010 0.0
297 13.42604 52.49133 14006 1.0
298 13.446256 52.549973 580558 1.0
299 13.4123 52.520615 792094 1.0
300 13.368788 52.54494 23228 1.0
301 13.416321 52.544094 355334 1.0
302 13.37452 52.54187 736184 1.0
303 13.494562 52.544514 213636 1.0
304 13.425518 52.54166 70122 0.0
305 13.419536 52.543182 30332 1.0
306 13.353911 52.497036 16006 1.0
307 13.489224 52.542397 358492 1.0
308 13.419901 52.545784 86604 1.0
309 13.420656 52.54299 468258 1.0
310 13.421292 52.545177 73520 0.0
311 13.272446 52.5389 689142 0.0
312 13.410761 52.38617 642556 1.0
313 13.424017 52.477184 421962 1.0
314 13.271788 52.538097 880114 1.0
315 13.411937 52.55376 513794 1.0
316 13.505567 52.44031 62728 1.0
317 13.491337 52.558445 346552 1.0
318 13.415716 52.531628 27870 1.0
319 13.440022 52.481613 520514 1.0
320 13.445962 52.437607 400372 1.0
321 13.328657 52.52793 713416 1.0
322 13.396904 52.537056 904604 1.0
323 13.414757 52.541252 641008 1.0
324 13.417493 52.500134 192132 0.0
325 13.400866 52.414402 723336 1.0
326 13.402161 52.413155 629966 1.0
327 13.419638 52.534157 25296 0.0
328 13.497182 52.508205 604096 1.0
329 13.429123 52.482525 310324 1.0
330 13.392462 52.48758 22216 1.0
331 13.427399 52.48221 627186 1.0
332 13.427381 52.48229 283776 0.0
333 13.456357 52.50974 760580 1.0
334 13.407053 52.586445 45526 1.0
335 13.469741 52.506435 16488 1.0
336 13.373035 52.50875 838947 0.471
337 13.49832 52.510048 782776 1.0
338 13.325583 52.504616 231924 1.0
339 13.34408 52.504322 693172 1.0
340 13.491213 52.502487 665130 1.0
341 13.387427 52.55269 30748 1.0
342 13.547275 52.53016 314481 0.333
343 13.293124 52.474285 534870 0.0
344 13.428631 52.49588 374936 1.0
345 13.351089 52.54098 18464 0.0
346 13.281837 52.477505 493586 0.0
347 13.389864 52.555138 768320 0.0
348 13.439219 52.473614 827406 1.0
349 13.440985 52.48234 35388 1.0
350 13.329186 52.519848 649682 1.0
351 13.359768 52.48971 454484 1.0
352 13.202971 52.547863 50440 1.0
353 13.421522 52.53771 172324 1.0
354 13.508687 52.445515 190974 1.0
355 13.439214 52.499702 104470 1.0
356 13.423283 52.53709 27938 1.0
357 13.263186 52.51473 257016 1.0
358 13.260137 52.51655 185610 1.0
359 13.51304 52.467155 226876 1.0
360 13.496181 52.506493 604104 1.0
361 13.42071 52.44851 410628 1.0
362 13.416604 52.445885 235404 1.0
363 13.293393 52.44611 600804 1.0
364 13.494631 52.504574 716236 0.0
365 13.202971 52.547863 50440 1.0
366 13.40851 52.53138 783570 0.0
367 13.307323 52.504574 13238 1.0
368 13.41094 52.533188 25266 0.0
369 13.392402 52.525017 997588 0.0
370 13.328613 52.468704 735028 1.0
371 13.323247 52.46458 16190 1.0
372 13.41433 52.54289 354522 1.0
373 13.416119 52.54285 288810 1.0
374 13.416468 52.542706 641006 1.0
375 13.490591 52.420284 281820 0.0
376 13.498403 52.41907 633168 1.0
377 13.486353 52.50406 665078 1.0
378 13.505574 52.409824 478246 1.0
379 13.386539 52.442146 259528 1.0
380 13.497896 52.509385 294168 0.211
381 13.440846 52.54266 28368 1.0
382 13.438513 52.541294 271150 1.0
383 13.459087 52.512555 320571 0.823
384 13.299207 52.473324 274234 1.0
385 13.378522 52.550327 24028 0.0
386 13.3819 52.55239 937254 1.0
387 13.451927 52.519276 374576 1.0
388 13.374207 52.547695 168044 1.0
389 13.375121 52.548264 168046 1.0
390 13.506318 52.402973 240238 1.0
391 13.350907 52.5307 4788 1.0
392 13.331543 52.52228 18272 1.0
393 13.369497 52.543964 969578 1.0
394 13.335042 52.498142 13664 1.0
395 13.3063 52.517014 919382 1.0
396 13.370905 52.545643 18584 1.0
397 13.296519 52.51447 11604 1.0
398 13.543248 52.523756 224336 0.833
399 13.450862 52.522438 48444 1.0
400 13.398661 52.579983 827504 1.0
401 13.431405 52.48749 468896 1.0
402 13.429729 52.48852 547460 0.0
403 13.412348 52.539993 593914 1.0
404 13.432014 52.488155 563544 0.0
405 13.422745 52.47563 531138 1.0
406 13.415966 52.553455 350416 0.0
407 13.541709 52.437073 691054 1.0
408 13.46263 52.516285 642510 0.0
409 13.549122 52.43827 105768 1.0
410 13.547021 52.435135 573122 1.0
411 13.410902 52.541138 683986 1.0
412 13.443628 52.500214 124459 0.25
413 13.32688 52.48656 483318 1.0
414 13.402525 52.586002 328610 1.0
415 13.448627 52.490395 627478 1.0
416 13.463785 52.516617 34584 0.0
417 13.468472 52.528233 651356 0.0
418 13.457906 52.509563 649734 1.0
419 13.41299 52.49143 310420 0.0
420 13.362925 52.566635 31202 1.0
421 13.423597 52.500088 81456 0.0
422 13.423301 52.500576 81456 1.0
423 13.342191 52.45 166146 1.0
424 13.315589 52.443127 29242 0.0
425 13.419121 52.53471 27856 1.0
426 13.554592 52.54571 78914 1.0
427 13.364222 52.41318 280042 0.0
428 13.419121 52.53471 27856 1.0
429 13.466435 52.519127 34564 1.0
430 13.41051 52.53931 86592 1.0
431 13.349942 52.53421 7746 1.0
432 13.350726 52.53262 917202 1.0
433 13.350409 52.532364 917208 1.0
434 13.35079 52.532543 917218 1.0
435 13.274206 52.43435 91738 1.0
436 13.423597 52.500088 81456 0.0
437 13.295096 52.51586 843532 1.0
438 13.466496 52.517334 424942 1.0
439 13.344616 52.506363 528994 1.0
440 13.470451 52.506187 723562 1.0
441 13.426542 52.499474 931462 1.0
442 13.322759 52.488926 719432 1.0
443 13.38143 52.474266 609774 1.0
444 13.327474 52.464 323116 0.0
445 13.298636 52.4878 12584 1.0
446 13.458391 52.51056 130518 1.0
447 13.418286 52.500603 918768 0.0
448 13.419982 52.50225 299594 1.0
449 13.413963 52.502197 931932 1.0
450 13.36467 52.57447 362838 1.0
451 13.416807 52.500546 410460 1.0
452 13.416807 52.500546 410460 1.0
453 13.468375 52.50708 478930 1.0
454 13.416695 52.502 35458 0.0
455 13.33928 52.528244 18228 0.0
456 13.335155 52.525444 18196 1.0
457 13.397505 52.529537 827638 1.0
458 13.397505 52.529537 827638 1.0
459 13.456718 52.511765 502108 1.0
460 13.458623 52.510998 133308 1.0
461 13.455211 52.51201 502110 1.0
462 13.456718 52.511765 502108 1.0
463 13.498549 52.515476 189254 1.0
464 13.498168 52.51399 189250 1.0
465 13.414757 52.541252 641008 1.0
466 13.419516 52.495792 451476 1.0
467 13.435369 52.486103 324606 0.0
468 13.317571 52.506287 2426 1.0
469 13.497221 52.50075 201610 1.0
470 13.512016 52.509846 36708 1.0
471 13.293194 52.489105 483050 1.0
472 13.437531 52.48504 324606 1.0
473 13.469393 52.51153 105416 1.0
474 13.357809 52.539276 767330 1.0
475 13.431401 52.49758 263412 0.0
476 13.498549 52.515476 189254 1.0
477 13.43633 52.511425 29380 1.0
478 13.435189 52.494087 13978 1.0
479 13.390683 52.52552 4674 1.0
480 13.44832 52.478246 668724 0.25
481 13.303112 52.512833 14118 1.0
482 13.317556 52.48228 475210 1.0
483 13.41703 52.448772 235360 1.0
484 13.299542 52.512253 784144 1.0
485 13.439923 52.48696 56422 1.0
486 13.330963 52.528484 39198 1.0
487 13.440635 52.461956 61604 1.0
488 13.430368 52.552544 452286 1.0
489 13.452274 52.51559 263404 1.0
490 13.401738 52.52441 984902 1.0
491 13.348019 52.54119 676756 0.0
492 13.348667 52.541653 913994 1.0
493 13.470741 52.513706 485570 1.0
494 13.441768 52.482933 324612 1.0
495 13.387469 52.525986 915010 1.0
496 13.412585 52.53802 324882 1.0
497 13.4316 52.501396 285314 0.0
498 13.416034 52.491062 746556 1.0
499 13.455184 52.507866 130514 1.0
500 13.441362 52.501385 693598 1.0
501 13.492009 52.40854 611132 1.0
502 13.46608 52.508385 191554 1.0
503 13.445434 52.499256 104476 0.0
504 13.43166 52.490673 746524 1.0
505 13.340354 52.443794 354096 1.0
506 13.424591 52.497246 554576 1.0
507 13.331332 52.499516 163186 1.0
508 13.393034 52.520134 26456 1.0
509 13.289816 52.497562 176462 1.0
510 13.41899 52.499952 884309 0.105
511 13.315383 52.42875 598806 1.0
512 13.436218 52.423573 125008 1.0
513 13.360757 52.4911 182980 1.0
514 13.327569 52.429504 777350 1.0
515 13.457906 52.509563 649734 1.0
516 13.436759 52.487175 35380 1.0
517 13.408937 52.52249 995830 1.0
518 13.41843 52.55128 590862 1.0
519 13.351223 52.481907 604400 1.0
520 13.375999 52.5719 31144 1.0
521 13.355001 52.490074 16056 1.0
522 13.427959 52.488342 627266 1.0
523 13.459958 52.511253 502096 1.0
524 13.270423 52.54943 435588 1.0
525 13.436466 52.418213 124802 0.0
526 13.352596 52.527946 537296 1.0
527 13.302359 52.506004 257236 1.0
528 13.457371 52.51292 320572 1.0
529 13.439592 52.484016 324608 1.0
530 13.258771 52.435696 537888 0.0
531 13.423301 52.473824 627588 1.0
532 13.485675 52.536266 346644 1.0
533 13.262706 52.410954 93684 1.0
534 13.400667 52.527725 852 1.0
535 13.4194 52.49926 454414 1.0
536 13.309912 52.502039 13396 0.5
537 13.198409 52.548466 50476 1.0
538 13.2809 52.586292 49926 1.0
539 13.253524 52.414417 491550 1.0
540 13.410654 52.49926 27372 1.0
541 13.434654 52.48287 627206 1.0
542 13.349503 52.524414 159018 1.0
543 13.591779 52.52156 719018 1.0
544 13.432928 52.535904 881044 1.0
545 13.589397 52.521626 670542 1.0
546 13.590636 52.522255 679690 1.0
547 13.311473 52.447132 12420 1.0
548 13.589788 52.520844 670658 1.0
549 13.352359 52.48808 437056 1.0
550 13.431333 52.478863 513478 1.0
551 13.388802 52.52604 857310 1.0
552 13.316402 52.498665 8462 1.0
553 13.322163 52.616234 163992 1.0
554 13.432448 52.48388 324626 1.0
555 13.328771 52.477306 24528 0.961
556 13.308894 52.50594 8320 1.0
557 13.421405 52.539528 877680 1.0
558 13.313402 52.505215 497352 1.0
559 13.392434 52.525093 4672 0.0
560 13.32842 52.504917 232908 1.0
561 13.391102 52.52542 4672 1.0
562 13.201221 52.56378 304020 1.0
563 13.391102 52.52542 4672 1.0
564 13.392434 52.525093 4672 0.0
565 13.390683 52.52552 4674 1.0
566 13.391102 52.52542 4672 1.0
567 13.324917 52.509212 413148 1.0
568 13.435652 52.536102 28144 1.0
569 13.403585 52.505623 496302 1.0
570 13.209327 52.565105 433320 1.0
571 13.435686 52.469105 269168 0.0
572 13.429634 52.49816 453206 0.0
573 13.45634 52.508312 680836 0.0
574 13.278329 52.577282 563624 1.0
575 13.425651 52.498993 263382 1.0
576 13.411142 52.503902 936366 1.0
577 13.431405 52.48749 468896 1.0
578 13.414237 52.539616 338964 1.0
579 13.412548 52.53608 73354 0.0
580 13.374955 52.487785 127000 1.0
581 13.398719 52.533062 354688 1.0
582 13.398074 52.53482 354690 1.0
583 13.437531 52.48504 324606 1.0
584 13.304158 52.5181 5968 1.0
585 13.325359 52.503098 517724 1.0
586 13.435369 52.486103 324606 0.0
587 13.455184 52.507866 130514 1.0
588 13.379869 52.57152 43060 0.0
589 13.3677 52.551384 916818 1.0
590 13.319512 52.47683 16134 1.0
591 13.383099 52.4924 179824 1.0
592 13.3204 52.56595 450692 1.0
593 13.379611 52.451557 370856 1.0
594 13.402679 52.55628 73480 0.0
595 13.355876 52.40858 598486 1.0
596 13.307117 52.446438 398824 0.333
597 13.30623 52.51704 919384 1.0
598 13.29701 52.512886 11566 1.0
599 13.304914 52.514072 893564 1.0
600 13.470009 52.512394 553245 0.399
601 13.299242 52.517025 511142 0.0
602 13.304595 52.51661 11162 1.0
603 13.300589 52.501797 4470 1.0
604 13.300756 52.5032 4466 0.0
605 13.405679 52.529552 160274 1.0
606 13.425501 52.49327 366 1.0
607 13.359704 52.543495 198836 1.0
608 13.437871 52.49983 35156 1.0
609 13.434272 52.486504 324622 1.0
610 13.399523 52.511673 26680 1.0
611 13.284782 52.508606 63724 1.0
612 13.431958 52.48065 500060 0.0
613 13.228976 52.625298 387440 1.0
614 13.459977 52.508984 130510 1.0
615 13.449 52.48515 627230 1.0
616 13.427254 52.477757 357912 1.0
617 13.437531 52.48504 324606 1.0
618 13.450516 52.489216 35206 1.0
619 13.415196 52.547516 451220 1.0
620 13.431401 52.49758 263412 0.0
621 13.414768 52.526752 27766 1.0
622 13.424561 52.534744 27930 1.0
623 13.427959 52.488342 627266 1.0
624 13.427959 52.488342 627266 1.0
625 13.417054 52.494213 252666 1.0
626 13.417729 52.493008 228064 1.0
627 13.213898 52.56091 280600 0.0
628 13.415966 52.553455 350416 0.0
629 13.414024 52.5521 25144 1.0
630 13.415074 52.538464 25288 0.0
631 13.299558 52.49389 274324 1.0
632 13.383997 52.493484 418226 1.0
633 13.344363 52.548855 20588 1.0
634 13.301297 52.49467 482676 1.0
635 13.292758 52.507053 177568 1.0
636 13.472423 52.52723 517624 1.0
637 13.428819 52.48831 746604 1.0
638 13.479313 52.502884 36190 1.0
639 13.358678 52.54731 359370 1.0
640 13.290973 52.471043 12912 1.0
641 13.328674 52.476498 522566 1.0
642 13.324153 52.47351 16776 1.0
643 13.379508 52.536777 2544 1.0
644 13.417231 52.549828 71386 1.0
645 13.404675 52.527573 27692 1.0
646 13.26966 52.50936 77996 1.0
647 13.388149 52.528793 924748 1.0
648 13.453575 52.523125 48446 1.0
649 13.309496 52.52573 139808 1.0
650 13.420743 52.500797 943152 0.0
651 13.41184 52.54091 1000286 1.0
652 13.351828 52.479885 890854 1.0
653 13.39584 52.53838 359598 1.0
654 13.397027 52.53704 904634 1.0
655 13.297944 52.501057 1954 0.0
656 13.377104 52.482758 520464 1.0
657 13.465648 52.498928 627566 1.0
658 13.465379 52.497284 566026 0.0
659 13.430383 52.469112 583162 1.0
660 13.41058 52.54541 30370 0.0
661 13.34904 52.489388 16032 1.0
662 13.440405 52.50063 931498 1.0
663 13.443364 52.51756 145660 1.0
664 13.331226 52.463852 337054 1.0
665 13.47965 52.476448 978068 1.0
666 13.442363 52.516487 34656 1.0
667 13.410879 52.526733 909046 1.0
668 13.481133 52.48672 558526 0.0
669 13.3865 52.49057 11558 1.0
670 13.432448 52.48388 324626 1.0
671 13.4316 52.501396 285314 0.0
672 13.430027 52.500725 285350 1.0
673 13.467636 52.483715 61986 1.0
674 13.38754 52.525352 316652 1.0
675 13.434769 52.53747 28172 0.0
676 13.404581 52.523354 393384 1.0
677 13.331099 52.463615 337076 0.0
678 13.330911 52.464012 19756 1.0
679 13.259881 52.434902 604438 1.0
680 13.51111 52.45618 19464 1.0
681 13.432147 52.501938 693474 1.0
682 13.432147 52.501938 693474 1.0
683 13.412502 52.54496 638390 1.0
684 13.430524 52.468433 280714 1.0
685 13.419982 52.50225 299594 1.0
686 13.416905 52.51187 27306 1.0
687 13.43216 52.535576 27952 1.0
688 13.386195 52.55871 30742 1.0
689 13.473146 52.515236 34596 1.0
690 13.46102 52.51108 118102 1.0
691 13.25971 52.429237 94516 1.0
692 13.345234 52.55384 518764 1.0
693 13.292378 52.49745 2090 1.0
694 13.294184 52.49791 2076 1.0
695 13.437871 52.49983 35156 1.0
696 13.349587 52.5327 23678 1.0
697 13.384704 52.520687 560204 0.0
698 13.440342 52.499237 35146 1.0
699 13.245957 52.54462 543790 1.0
700 13.37977 52.465794 608082 1.0
701 13.391935 52.55336 24174 0.0
702 13.407346 52.529263 160266 1.0
703 13.378775 52.552948 168106 1.0
704 13.349825 52.479393 65538 1.0
705 13.212216 52.56108 433328 1.0
706 13.377143 52.55674 798676 1.0
707 13.423472 52.47895 440518 1.0
708 13.431571 52.53507 27946 1.0
709 13.350124 52.533657 7752 1.0
710 13.459977 52.508984 130510 1.0
711 13.463058 52.516747 542458 1.0
712 13.268083 52.536743 279194 1.0
713 13.464032 52.51111 590 1.0
714 13.358093 52.551876 19116 1.0
715 13.264537 52.537354 20926 1.0
716 13.203692 52.54856 141676 1.0
717 13.201568 52.54779 50438 1.0
718 13.3321 52.46375 11200 1.0
719 13.465577 52.5014 209194 1.0
720 13.424591 52.497246 554576 1.0
721 13.502668 52.507847 457710 1.0
722 13.50501 52.50922 36564 1.0
723 13.498858 52.507576 36458 1.0
724 13.50404 52.509525 36520 0.0
725 13.271133 52.534977 22370 1.0
726 13.442787 52.461044 363128 1.0
727 13.503182 52.50671 36478 1.0
728 13.506279 52.510654 295918 1.0
729 13.396847 52.52479 524254 0.0
730 13.42747 52.48486 37688 1.0
731 13.386977 52.552357 30746 1.0
732 13.481821 52.516186 36022 1.0
733 13.420167 52.49654 452818 1.0
734 13.386455 52.552387 434652 1.0
735 13.42685 52.488285 468880 1.0
736 13.471892 52.51517 34622 0.0
737 13.365507 52.552113 711470 1.0
738 13.36185 52.552006 711464 1.0
739 13.4031 52.552982 25128 1.0
740 13.294739 52.50502 8420 0.0
741 13.318316 52.510933 2420 0.0
742 13.36233 52.550884 23144 0.0
743 13.351351 52.5469 22980 1.0
744 13.448038 52.504547 436994 1.0
745 13.435369 52.486103 324606 0.0
746 13.506146 52.493317 604002 1.0
747 13.433417 52.48489 627732 1.0
748 13.435369 52.486103 324606 0.0
749 13.468216 52.50701 478928 1.0
750 13.433417 52.48489 627732 1.0
751 13.353258 52.49104 406402 1.0
752 13.434654 52.48287 627206 1.0
753 13.429075 52.490917 644574 0.673
754 13.428791 52.490227 780618 0.919
755 13.344657 52.488968 330144 1.0
756 13.344922 52.4893 15390 1.0
757 13.425501 52.49327 366 1.0
758 13.429709 52.46024 61664 1.0
759 13.411362 52.548832 274126 1.0
760 13.388263 52.527367 652676 1.0
761 13.519346 52.48481 37072 0.0
762 13.409697 52.547497 30364 1.0
763 13.407604 52.539368 354412 1.0
764 13.307508 52.525723 5942 1.0
765 13.429075 52.490612 644574 0.375
766 13.512068 52.508514 937494 1.0
767 13.297874 52.495213 57470 1.0
768 13.294258 52.50674 303748 1.0
769 13.430723 52.46847 269172 0.0
770 13.376075 52.454887 31832 1.0
771 13.507151 52.493853 676403 0.259
772 13.435911 52.556427 31796 1.0
773 13.52594 52.483223 411928 1.0
774 13.507039 52.493874 676402 1.0
775 13.366568 52.50345 528324 0.0
776 13.394081 52.490326 375798 1.0
777 13.409137 52.504276 691460 1.0
778 13.322125 52.473522 16828 0.0
779 13.416433 52.501667 56526 1.0
780 13.416695 52.502 35458 0.0
781 13.427959 52.488342 627266 1.0
782 13.448297 52.554096 34386 1.0
783 13.428983 52.494804 659518 0.0
784 13.432448 52.48388 324626 1.0
785 13.413894 52.551445 531504 0.0
786 13.366631 52.546623 916764 1.0
787 13.411937 52.55376 513794 1.0
788 13.414671 52.553516 992994 1.0
789 13.487076 52.46557 571244 1.0
790 13.438076 52.482582 520508 1.0
791 13.358963 52.550538 23156 0.5
792 13.414501 52.533096 686258 1.0
793 13.451743 52.50755 675418 1.0
794 13.415176 52.53002 913292 1.0
795 13.391102 52.52542 4672 1.0
796 13.371098 52.55168 23990 1.0
797 13.419685 52.47852 15836 0.0
798 13.42022 52.476818 627542 0.0
799 13.566404 52.57005 458778 1.0
800 13.471108 52.528908 790214 0.0
801 13.306199 52.419308 850124 1.0
802 13.335255 52.46391 464258 1.0
803 13.409697 52.547497 30364 1.0
804 13.529253 52.459885 599504 1.0
805 13.417029 52.54561 377308 1.0
806 13.464471 52.509956 34800 0.0
807 13.579045 52.443714 83508 0.0
808 13.427336 52.478344 104164 1.0
809 13.54389 52.43638 646306 0.0
810 13.497182 52.508205 604096 1.0
811 13.359322 52.53406 863534 1.0
812 13.350023 52.54178 659392 1.0
813 13.470153 52.529077 819267 0.5
814 13.465024 52.5095 130532 0.545
815 13.33274 52.477177 564946 0.066
816 13.328674 52.476498 522566 1.0
817 13.423267 52.54526 30428 0.0
818 13.423179 52.545164 513912 0.855
819 13.362751 52.48896 88732 1.0
820 13.426133 52.548424 650385 0.3
821 13.404976 52.5246 142156 1.0
822 13.68854 52.430313 621332 1.0
823 13.568293 52.57138 551252 0.0
824 13.399437 52.522 143034 1.0
825 13.415894 52.53526 340942 1.0
826 13.415894 52.53526 340942 1.0
827 13.385503 52.53036 582590 1.0
828 13.423301 52.473824 627588 1.0
829 13.423267 52.54526 30428 0.0
830 13.433865 52.481964 573196 1.0
831 13.512122 52.464367 116966 1.0
832 13.455298 52.51814 34552 0.333
833 13.472477 52.508522 116678 1.0
834 13.470663 52.508095 511722 1.0
835 13.415856 52.531742 27874 1.0
836 13.207513 52.539536 177276 1.0
837 13.283811 52.505817 13248 1.0
838 13.287356 52.49575 468492 1.0
839 13.56362 52.57082 458840 1.0
840 13.401572 52.53004 924034 0.0
841 13.343904 52.46714 338802 1.0
842 13.425583 52.489407 560706 1.0
843 13.440342 52.499237 35146 1.0
844 13.442377 52.497227 198872 0.0
845 13.38876 52.522568 645728 0.0
846 13.446479 52.49866 718976 1.0
847 13.454865 52.51377 320574 1.0
848 13.400189 52.52262 276060 1.0
849 13.452455 52.48139 154546 1.0
850 13.345123 52.50656 852816 1.0
851 13.584729 52.422283 819670 1.0
852 13.355404 52.48921 618824 1.0
853 13.392515 52.52515 997590 0.0
854 13.358584 52.534657 4614 1.0
855 13.405832 52.551132 74022 1.0
856 13.270623 52.43852 970116 1.0
857 13.296318 52.498745 14222 1.0
858 13.428734 52.496002 374936 0.0
859 13.454704 52.507397 542398 1.0
860 13.478754 52.55583 46528 0.0
861 13.416807 52.500546 410460 1.0
862 13.430831 52.502407 705252 1.0
863 13.427782 52.49628 468250 0.0
864 13.392699 52.56417 146974 0.0
865 13.427782 52.49628 468250 0.0
866 13.428734 52.496002 374936 0.0
867 13.423955 52.477386 440518 0.0
868 13.393549 52.526226 848958 1.0
869 13.371105 52.558712 23280 1.0
870 13.373336 52.556675 664914 1.0
871 13.395219 52.524406 406304 0.0
872 13.398859 52.52548 466352 0.0
873 13.365591 52.4965 187460 1.0
874 13.426658 52.476376 256668 1.0
875 13.427045 52.475513 256672 1.0
876 13.292003 52.496758 2062 1.0
877 13.283249 52.511112 25994 1.0
878 13.387389 52.52533 934086 1.0
879 13.33715 52.52852 916970 1.0
880 13.33582 52.528564 18190 1.0
881 13.349365 52.494606 79690 1.0
882 13.361453 52.483852 579376 1.0
883 13.426673 52.481026 33772 1.0
884 13.352212 52.496796 16004 1.0
885 13.454663 52.474674 516924 1.0
886 13.442875 52.51143 769048 1.0
887 13.380494 52.49743 799858 1.0
888 13.362204 52.49148 192522 1.0
889 13.402683 52.533478 117558 1.0
890 13.458456 52.50864 553214 1.0
891 13.460756 52.44907 383244 1.0
892 13.342335 52.499165 76338 1.0
893 13.338112 52.528355 113934 0.0
894 13.307686 52.49818 8490 0.0
895 13.352212 52.496796 16004 1.0
896 13.354381 52.49738 983528 1.0
897 13.470588 52.517334 274658 1.0
898 13.326671 52.530956 338482 1.0
899 13.430343 52.485985 627722 1.0
900 13.433417 52.48489 627732 1.0
901 13.40142 52.5361 396994 0.0
902 13.322492 52.497875 983366 1.0
903 13.430587 52.48645 627598 1.0
904 13.322344 52.50369 871708 1.0
905 13.349877 52.5006 87374 1.0
906 13.349877 52.5006 87374 1.0
907 13.450984 52.50489 34744 1.0
908 13.37452 52.507668 122076 0.0
909 13.353693 52.500603 87462 0.0
910 13.434584 52.49058 277750 1.0
911 13.307058 52.49866 9476 1.0
912 13.442583 52.473984 167298 1.0
913 13.287253 52.51679 9886 1.0
914 13.290111 52.518887 96868 1.0
915 13.385395 52.557594 533464 1.0
916 13.45517 52.51011 191542 1.0
917 13.303126 52.52436 24596 1.0
918 13.423597 52.500088 81456 0.0
919 13.31323 52.502224 522408 1.0
920 13.427588 52.484943 265612 1.0
921 13.431986 52.49728 343416 1.0
922 13.313636 52.5042 522330 1.0
923 13.40289 52.48971 419336 1.0
924 13.320343 52.51673 776922 1.0
925 13.442093 52.473927 327812 1.0
926 13.306712 52.49841 9474 1.0
927 13.36899 52.550327 23936 1.0
928 13.402682 52.540817 283688 0.0
929 13.327481 52.504585 885168 1.0
930 13.299793 52.49778 691628 0.97
931 13.550809 52.438896 580176 1.0
932 13.424739 52.47865 981828 0.0
933 13.42599 52.53177 690708 1.0
934 13.424089 52.532536 27880 1.0
935 13.238176 52.54246 132320 0.0
936 13.337022 52.488186 15348 1.0
937 13.317081 52.485832 751832 1.0
938 13.326892 52.49825 8504 1.0
939 13.328774 52.458206 552290 1.0
940 13.38404 52.495174 26936 1.0
941 13.387928 52.493484 486 1.0
942 13.432871 52.49478 13982 1.0
943 13.308236 52.495327 8554 1.0
944 13.344281 52.445923 49734 1.0
945 13.445434 52.499256 104476 0.0
946 13.44696 52.498386 718974 1.0
947 13.438748 52.542355 28376 1.0
948 13.377881 52.466213 275872 1.0
949 13.386389 52.520634 881200 1.0
950 13.426221 52.489464 560702 0.0
951 13.394746 52.49166 455882 1.0
952 13.36185 52.552006 711464 1.0
953 13.563648 52.537117 79700 0.05
954 13.348041 52.494423 23762 1.0
955 13.362644 52.54991 19144 1.0
956 13.347749 52.549053 23892 0.0
957 13.321917 52.46686 753006 1.0
