0 13.373548 52.507854 450538 1.0
1 13.376552 52.51054 1003222 0.0
2 13.388598 52.51957 459202 1.0
3 13.379687 52.516552 158360 1.0
4 13.356774 52.54765 18542 1.0
5 13.334581 52.550865 63516 1.0
6 13.395677 52.53881 40962 1.0
7 13.411517 52.52017 711990 0.0
8 13.410192 52.52025 848350 1.0
9 13.389906 52.511024 1005076 1.0
10 13.389619 52.51138 1005258 0.762
11 13.377124 52.508244 761478 1.0
12 13.383158 52.530655 1004490 1.0
13 13.398783 52.52331 26386 1.0
14 13.270908 52.509045 918990 1.0
15 13.323905 52.47522 23052 1.0
16 13.406003 52.54562 30350 0.0
17 13.353688 52.488674 21684 1.0
18 13.509152 52.456837 347382 1.0
19 13.414311 52.540646 593882 1.0
20 13.420533 52.53861 723426 1.0
21 13.530785 52.4295 525234 0.0
22 13.412481 52.540863 1000302 1.0
23 13.292368 52.457172 502236 0.0
24 13.443998 52.49773 671564 1.0
25 13.217429 52.427116 967466 1.0
26 13.360931 52.48803 81390 0.0
27 13.32768 52.5031 5618 1.0
28 13.34834 52.51464 760870 0.0
29 13.343697 52.516922 907750 1.0
30 13.346179 52.518845 6300 1.0
31 13.467732 52.468323 517398 0.0
32 13.466623 52.505424 556582 1.0
33 13.340356 52.470093 192826 1.0
34 13.422526 52.4336 461134 1.0
35 13.387157 52.52595 914976 1.0
36 13.526315 52.49203 358918 0.466
37 13.443212 52.496933 198872 1.0
38 13.361973 52.488445 88728 1.0
39 13.367587 52.49092 833706 1.0
40 13.457211 52.50965 556594 1.0
41 13.357276 52.425564 813752 1.0
42 13.557014 52.546604 733152 0.0
43 13.461518 52.512115 16498 1.0
44 13.356718 52.42787 197624 1.0
45 13.466623 52.505424 556582 1.0
46 13.393733 52.489113 22202 1.0
47 13.459153 52.512543 320571 0.865
48 13.20197 52.537228 44630 0.0
49 13.472363 52.515556 34622 1.0
50 13.458833 52.511433 34816 1.0
51 13.457005 52.515934 199008 1.0
52 13.463058 52.516747 542458 1.0
53 13.456634 52.510838 130518 0.0
54 13.457811 52.512787 320570 1.0
55 13.446021 52.52463 265132 1.0
56 13.130707 52.444393 239456 1.0
57 13.322908 52.49779 8494 1.0
58 13.4358 52.532436 641760 1.0
59 13.438748 52.542355 28376 1.0
60 13.322908 52.49779 8494 1.0
61 13.601228 52.482044 285188 1.0
62 13.321239 52.507347 641848 1.0
63 13.418722 52.49193 920106 1.0
64 13.419302 52.493603 56458 1.0
65 13.416869 52.54991 411690 1.0
66 13.418722 52.49193 920106 1.0
67 13.403779 52.55129 74018 1.0
68 13.408283 52.55158 285742 1.0
69 13.398215 52.515476 26578 1.0
70 13.398536 52.518867 96948 1.0
71 13.40295 52.537266 244988 1.0
72 13.400782 52.53709 396882 0.345
73 13.368185 52.544952 23226 1.0
74 13.39828 52.53498 190120 1.0
75 13.46427 52.528942 684254 1.0
76 13.355103 52.486763 990716 0.0
77 13.419302 52.493603 56458 1.0
78 13.42052 52.493282 56450 1.0
79 13.307116 52.456192 952920 1.0
80 13.362995 52.413036 603948 1.0
81 13.456788 52.529865 956634 1.0
82 13.404336 52.53313 99650 0.0
83 13.531826 52.430847 477094 1.0
84 13.41348 52.549706 169942 1.0
85 13.403721 52.537197 25244 1.0
86 13.358105 52.547085 359330 1.0
87 13.387824 52.52627 713724 1.0
88 13.384431 52.52227 5786 1.0
89 13.384397 52.52056 704624 1.0
90 13.383793 52.52326 281788 1.0
91 13.401785 52.5296 924014 0.0
92 13.382402 52.52255 777520 1.0
93 13.363613 52.413956 106670 1.0
94 13.424256 52.517834 131998 1.0
95 13.40625 52.535194 48598 1.0
96 13.330835 52.503864 941070 1.0
97 13.392896 52.52748 621042 1.0
98 13.563454 52.542225 69130 1.0
99 13.40222 52.531437 167640 1.0
100 13.394591 52.528717 466362 1.0
101 13.275945 52.448475 678584 1.0
102 13.40108 52.533108 117554 1.0
103 13.280776 52.58913 79922 1.0
104 13.432919 52.49611 689500 1.0
105 13.232662 52.438087 400090 1.0
106 13.367237 52.493263 192544 1.0
107 13.401584 52.532818 397278 1.0
108 13.322688 52.42909 597048 1.0
109 13.325678 52.467102 17042 1.0
110 13.570735 52.541073 949286 1.0
111 13.413159 52.546005 601526 1.0
112 13.377084 52.509322 999805 0.741
113 13.281907 52.58918 265212 1.0
114 13.415274 52.54736 73532 1.0
115 13.308027 52.508877 160090 1.0
116 13.305813 52.507896 13224 1.0
117 13.528723 52.454388 385720 1.0
118 13.526686 52.485546 37212 1.0
119 13.326255 52.50948 850552 0.0
120 13.320491 52.485836 1962 1.0
121 13.303715 52.499817 922544 0.0
122 13.295722 52.5159 843530 1.0
123 13.379077 52.60065 314664 1.0
124 13.466725 52.505375 556584 1.0
125 13.379533 52.509365 517752 1.0
126 13.388181 52.52253 645720 0.0
127 13.293853 52.443867 128404 1.0
128 13.305933 52.50859 385140 1.0
129 13.421292 52.545177 73520 0.0
130 13.342147 52.517365 938104 1.0
131 13.579581 52.497334 163462 1.0
132 13.721807 52.419353 119016 1.0
133 13.433755 52.489938 482773 0.364
134 13.42065 52.496155 100464 1.0
135 13.290867 52.4973 830106 1.0
136 13.324476 52.511326 515528 1.0
137 13.426185 52.543056 513920 1.0
138 13.496101 52.511875 623280 1.0
139 13.464436 52.493286 150538 1.0
140 13.422817 52.541496 25312 0.0
141 13.359654 52.486465 24262 0.0
142 13.46522 52.493015 150540 1.0
143 13.410622 52.518517 848604 1.0
144 13.404949 52.52035 656322 0.0
145 13.454388 52.50293 883864 0.888
146 13.457972 52.593307 33924 0.0
147 13.376992 52.50904 760644 0.0
148 13.281864 52.44802 737764 1.0
149 13.315524 52.44714 601314 1.0
150 13.397018 52.52707 26358 0.0
151 13.206542 52.430508 1288 1.0
152 13.385161 52.44851 610048 1.0
153 13.39344 52.51246 320524 1.0
154 13.44309 52.470573 626638 0.0
155 13.429695 52.500675 554508 1.0
156 13.455713 52.47386 781560 1.0
157 13.325905 52.514572 645600 1.0
158 13.430081 52.499317 333770 1.0
159 13.44118 52.50093 35114 1.0
160 13.411963 52.568043 658402 1.0
161 13.323446 52.52341 336472 1.0
162 13.192993 52.52409 25826 1.0
163 13.214516 52.439479 333032 0.429
164 13.206964 52.5383 61418 1.0
165 13.278539 52.44882 600060 1.0
166 13.388576 52.519733 459200 1.0
167 13.439062 52.488873 383992 1.0
168 13.409704 52.57068 536014 1.0
169 13.404145 52.581776 590788 1.0
170 13.32186 52.456995 111700 0.5
171 13.42472 52.474903 15874 1.0
172 13.409214 52.571026 127342 1.0
173 13.435329 52.491158 35412 1.0
174 13.387874 52.440388 721952 1.0
175 13.390604 52.557487 533416 1.0
176 13.439643 52.477566 853702 1.0
177 13.375878 52.455734 607426 1.0
178 13.305221 52.41787 149202 1.0
179 13.246397 52.56185 100252 1.0
180 13.449475 52.479137 324638 1.0
181 13.413651 52.572002 470056 0.0
182 13.414346 52.57161 842528 1.0
183 13.285184 52.506435 660474 1.0
184 13.408739 52.537655 494214 1.0
185 13.409588 52.538452 891130 1.0
186 13.373725 52.51777 454918 0.323
187 13.467291 52.504898 556586 1.0
188 13.52471 52.45516 709738 1.0
189 13.410412 52.5508 74038 1.0
190 13.303974 52.426716 598716 1.0
191 13.456597 52.490307 354276 1.0
192 13.425036 52.480633 33770 0.0
193 13.432194 52.48809 563552 0.0
194 13.495471 52.51381 352592 1.0
195 13.382382 52.49377 439770 1.0
196 13.507938 52.52795 353816 1.0
197 13.432491 52.51864 28868 1.0
198 13.425107 52.494434 35344 1.0
199 13.35743 52.542313 355830 1.0
200 13.38236 52.51644 158364 1.0
201 13.428922 52.491367 560180 1.0
202 13.260418 52.501053 167432 1.0
203 13.422662 52.5446 86610 1.0
204 13.420352 52.54202 30422 1.0
205 13.432953 52.480106 107030 1.0
206 13.418009 52.49333 228068 1.0
207 13.578451 52.457817 281046 0.0
208 13.224146 52.57483 588116 1.0
209 13.401046 52.520782 248754 1.0
210 13.526437 52.456013 350914 1.0
211 13.379132 52.528984 22884 1.0
212 13.298413 52.48574 504092 0.0
213 13.393549 52.526226 848958 1.0
214 13.296652 52.50146 3164 1.0
215 13.320349 52.481133 16538 1.0
216 13.430815 52.497994 289310 0.895
217 13.500993 52.548534 520006 0.0
218 13.308263 52.51015 11700 1.0
219 13.41972 52.512337 383908 1.0
220 13.482429 52.503414 930016 1.0
221 13.594262 52.448902 187262 0.708
222 13.417173 52.540382 641792 1.0
223 13.470857 52.415436 375806 1.0
224 13.416088 52.544197 355332 1.0
225 13.267362 52.48405 662854 1.0
226 13.422524 52.54466 86608 1.0
227 13.415529 52.54782 73522 1.0
228 13.307664 52.501545 592996 1.0
229 13.431416 52.49866 35176 1.0
230 13.299246 52.50465 259164 1.0
231 13.39979 52.386677 891902 0.547
232 13.462591 52.550808 690830 1.0
233 13.41261 52.531563 339920 1.0
234 13.313301 52.480923 915422 1.0
235 13.412185 52.502636 524186 1.0
236 13.41261 52.531563 339920 1.0
237 13.193728 52.430565 399944 0.0
238 13.502649 52.555546 48134 1.0
239 13.402466 52.53121 99660 1.0
240 13.470913 52.510334 86814 1.0
241 13.232372 52.437397 760828 1.0
242 13.405258 52.54096 396686 1.0
243 13.204489 52.5367 811352 1.0
244 13.323497 52.51381 662720 1.0
245 13.40644 52.536312 25204 0.0
246 13.502514 52.636333 84466 0.0
247 13.309754 52.507843 231240 1.0
248 13.296652 52.501316 14216 1.0
249 13.393911 52.619164 137086 1.0
250 13.323277 52.51419 392938 1.0
251 13.402511 52.523987 439536 1.0
252 13.305597 52.50968 385110 1.0
253 13.321781 52.52103 5122 1.0
254 13.322565 52.5233 336474 1.0
255 13.456324 52.490253 117118 1.0
256 13.417987 52.54202 70912 1.0
257 13.381615 52.453976 395296 1.0
258 13.41164 52.550888 650418 1.0
259 13.280903 52.446987 479912 1.0
260 13.391109 52.51488 121458 0.0
261 13.467215 52.46852 216558 1.0
262 13.396966 52.536934 904608 0.532
263 13.411319 52.551342 487572 0.0
264 13.582679 52.455353 700380 1.0
265 13.385366 52.55271 24112 1.0
266 13.386304 52.553413 24114 1.0
267 13.399117 52.508194 452488 1.0
268 13.387773 52.550465 24218 1.0
269 13.397414 52.53593 805838 1.0
270 13.354688 52.487488 166860 0.0
271 13.208742 52.50957 404194 1.0
272 13.211567 52.509712 404174 1.0
273 13.49403 52.502792 665174 1.0
274 13.49832 52.510048 782776 1.0
275 13.538272 52.528103 273782 0.246
276 13.538245 52.528103 273782 0.189
277 13.421903 52.53549 158592 1.0
278 13.529342 52.4328 493188 0.0
279 13.433858 52.472782 974852 1.0
280 13.300589 52.501797 4470 1.0
281 13.45517 52.51011 191542 1.0
282 13.4851 52.51238 502764 1.0
283 13.401017 52.53005 378060 0.0
284 13.402395 52.52836 378056 1.0
285 13.43611 52.424496 406080 1.0
286 13.540548 52.52685 578688 1.0
287 13.26885 52.51138 24740 0.0
288 13.260406 52.51605 913284 0.0
289 13.292273 52.474823 534876 1.0
290 13.301482 52.488567 1003870 0.158
291 13.292096 52.474648 534872 1.0
292 13.292524 52.4745 534868 0.0
293 13.30499 52.513405 14116 1.0
294 13.281837 52.477505 493586 0.0
295 13.357462 52.487446 454910 1.0
296 13.361479 52.48578 557312 1.0
297 13.39292 52.48923 22200 1.0
298 13.35207 52.48026 583354 1.0
299 13.462487 52.514736 809896 1.0
300 13.39292 52.48923 22200 1.0
301 13.26222 52.515656 170870 1.0
302 13.393034 52.520134 26456 1.0
303 13.424776 52.534985 682392 1.0
304 13.413721 52.55891 544598 1.0
305 13.402466 52.53121 99660 1.0
306 13.261517 52.436443 940782 0.0
307 13.302231 52.60003 98876 1.0
308 13.407604 52.539368 354412 1.0
309 13.360659 52.494457 15462 1.0
310 13.377609 52.537003 969330 1.0
311 13.352754 52.484238 530608 1.0
312 13.325402 52.455524 304158 0.0
313 13.489464 52.51227 740256 1.0
314 13.496664 52.417065 725416 1.0
315 13.230725 52.607876 514474 1.0
316 13.448472 52.512177 774764 1.0
317 13.292853 52.45806 586254 1.0
318 13.414196 52.542763 427050 0.0
319 13.411419 52.540188 358 0.0
320 13.403641 52.523106 27678 1.0
321 13.324843 52.491344 4226 1.0
322 13.324843 52.491344 4226 1.0
323 13.320802 52.502857 8358 1.0
324 13.296178 52.49759 2624 1.0
325 13.335279 52.47247 16992 1.0
326 13.308292 52.503082 516480 1.0
327 13.382227 52.552013 359466 1.0
328 13.289614 52.554886 161664 1.0
329 13.371998 52.546326 18590 1.0
330 13.369382 52.546543 107932 1.0
331 13.340841 52.488332 931742 0.391
332 13.378417 52.55048 18594 1.0
333 13.491408 52.42063 281942 0.0
334 13.375121 52.548264 168046 1.0
335 13.302619 52.500053 560720 1.0
336 13.279097 52.507236 724692 0.0
337 13.258372 52.508053 447752 1.0
338 13.294722 52.50641 4310 1.0
339 13.31402 52.507137 528978 1.0
340 13.42532 52.533875 27882 1.0
341 13.293772 52.505337 4298 0.0
342 13.298181 52.5097 9528 1.0
343 13.544832 52.529842 80742 1.0
344 13.52646 52.458775 607502 0.0
345 13.314556 52.474205 19778 1.0
346 13.533794 52.578625 161108 1.0
347 13.366073 52.58414 43348 1.0
348 13.292663 52.5179 15064 0.0
349 13.300777 52.499878 560716 1.0
350 13.420214 52.53612 73368 1.0
351 13.381893 52.552013 168122 1.0
352 13.364032 52.497295 182964 1.0
353 13.370758 52.545475 18582 0.0
354 13.338074 52.5237 292658 0.0
355 13.349124 52.4904 16016 1.0
356 13.353978 52.49474 15452 0.0
357 13.360721 52.486534 882498 1.0
358 13.351032 52.48621 583346 1.0
359 13.463357 52.42516 396510 1.0
360 13.468743 52.504585 623448 1.0
361 13.346626 52.43622 173482 1.0
362 13.208328 52.56157 139866 1.0
363 13.645585 52.34814 459764 1.0
364 13.315719 52.48935 522198 1.0
365 13.568269 52.444717 680890 1.0
366 13.477975 52.526775 707662 1.0
367 13.326389 52.48658 76512 1.0
368 13.324538 52.487434 2606 1.0
369 13.437213 52.48695 455872 1.0
370 13.39986 52.58098 45698 1.0
371 13.434325 52.49031 562106 1.0
372 13.433713 52.489952 482770 1.0
373 13.415146 52.546806 73534 1.0
374 13.438723 52.48863 383994 1.0
375 13.308038 52.497158 221392 1.0
376 13.433376 52.481792 33784 1.0
377 13.445964 52.47203 167288 1.0
378 13.44309 52.470573 626638 0.0
379 13.454812 52.472748 293072 1.0
380 13.451285 52.471962 294558 1.0
381 13.401783 52.587036 328630 1.0
382 13.401675 52.580555 343200 0.0
383 13.339358 52.494312 576092 1.0
384 13.34408 52.504322 693172 1.0
385 13.333778 52.515144 375184 1.0
386 13.363281 52.566265 31002 1.0
387 13.374563 52.508114 637768 1.0
388 13.545948 52.438423 320212 1.0
389 13.574108 52.445015 83458 1.0
390 13.374645 52.508213 455362 0.0
391 13.322567 52.45872 522534 1.0
392 13.317253 52.504223 522320 1.0
393 13.416169 52.54054 877658 1.0
394 13.321845 52.45857 375166 1.0
395 13.421522 52.53771 172324 1.0
396 13.375149 52.508904 767230 1.0
397 13.456795 52.509506 760578 1.0
398 13.418839 52.54012 636928 1.0
399 13.41051 52.53931 86592 1.0
400 13.406003 52.505535 760713 0.647
401 13.307054 52.51763 644926 1.0
402 13.411419 52.540188 358 0.0
403 13.313509 52.503647 522360 1.0
404 13.322344 52.50369 871708 1.0
405 13.322266 52.504784 6912 1.0
406 13.315034 52.501915 228262 1.0
407 13.339162 52.46283 21812 1.0
408 13.468554 52.51265 553194 1.0
409 13.563057 52.554935 79958 1.0
410 13.41739 52.502594 253918 1.0
411 13.609263 52.53622 956376 1.0
412 13.389602 52.535744 664626 1.0
413 13.420488 52.53379 25286 1.0
414 13.420214 52.53612 73368 1.0
415 13.567799 52.518723 636024 1.0
416 13.290673 52.517868 386016 0.0
417 13.32762 52.464165 720716 1.0
418 13.294999 52.44238 600768 1.0
419 13.399912 52.522877 26394 1.0
420 13.328149 52.4645 230180 0.0
421 13.405018 52.54033 354410 1.0
422 13.433432 52.498367 428020 0.0
423 13.353198 52.489902 336444 0.0
424 13.366291 52.553356 31340 1.0
425 13.374961 52.506935 88296 1.0
426 13.389895 52.51124 916378 1.0
427 13.301863 52.473705 176504 1.0
428 13.322751 52.485508 421764 1.0
429 13.390128 52.508095 158486 1.0
430 13.286267 52.45307 38960 1.0
431 13.487668 52.551205 111112 1.0
432 13.368025 52.552074 177594 1.0
433 13.408173 52.530453 25274 1.0
434 13.457055 52.51171 395176 0.0
435 13.535493 52.43309 542156 0.0
436 13.513084 52.449158 182796 1.0
437 13.427766 52.492004 884824 1.0
438 13.393627 52.524994 989650 1.0
439 13.410368 52.520874 837160 1.0
440 13.47014 52.506035 702238 1.0
441 13.434511 52.498493 427808 1.0
442 13.314978 52.514378 166056 1.0
443 13.40087 52.526154 465210 0.0
444 13.300138 52.52128 11614 1.0
445 13.362079 52.552013 288856 1.0
446 13.413185 52.532806 340948 1.0
447 13.330155 52.525646 18162 1.0
448 13.417036 52.502567 289220 1.0
449 13.416695 52.502 35458 0.0
450 13.330668 52.52724 39198 0.0
451 13.417978 52.50003 374880 1.0
452 13.418918 52.501385 35458 1.0
453 13.431183 52.50093 374920 0.0
454 13.430443 52.499 453208 1.0
455 13.42853 52.498676 659190 1.0
456 13.405633 52.496044 464128 1.0
457 13.41492 52.502476 56530 0.0
458 13.393292 52.516342 714880 1.0
459 13.417296 52.49977 374872 1.0
460 13.418189 52.50013 884304 1.0
461 13.420316 52.501 299584 1.0
462 13.415364 52.503056 27466 1.0
463 13.454991 52.51614 199012 1.0
464 13.375515 52.54243 18616 0.0
465 13.526977 52.48206 579522 1.0
466 13.201551 52.505848 182666 1.0
467 13.409715 52.533676 2550 0.0
468 13.339049 52.52666 646328 1.0
469 13.397326 52.529373 466366 1.0
470 13.367822 52.488274 684010 0.661
471 13.385128 52.49834 577366 1.0
472 13.442289 52.48576 75212 1.0
473 13.293655 52.517582 15050 0.0
474 13.383322 52.530495 1004506 1.0
475 13.346342 52.436703 394394 1.0
476 13.420352 52.54202 30422 1.0
477 13.410408 52.53744 688606 0.0
478 13.414502 52.55459 101950 1.0
479 13.443954 52.484577 627896 1.0
480 13.322872 52.51053 413152 1.0
481 13.386654 52.500984 89362 1.0
482 13.396276 52.44018 981384 0.215
483 13.337795 52.505047 609258 1.0
484 13.382897 52.48321 609722 1.0
485 13.441112 52.479195 452104 1.0
486 13.146316 52.416138 8878 1.0
487 13.348222 52.541183 719704 1.0
488 13.367649 52.508698 23616 1.0
489 13.411228 52.49144 501348 1.0
490 13.347743 52.540993 743088 1.0
491 13.328484 52.50583 497982 1.0
492 13.296388 52.46431 392918 1.0
493 13.394081 52.490326 375798 1.0
494 13.394184 52.52729 828554 1.0
495 13.421685 52.48721 497698 0.0
496 13.422772 52.487045 915826 1.0
497 13.387743 52.526287 713726 1.0
498 13.392896 52.52748 621042 1.0
499 13.408266 52.488895 33796 1.0
500 13.410136 52.490566 447336 1.0
501 13.417832 52.534523 572118 0.0
502 13.408285 52.489605 447352 1.0
503 13.402183 52.523064 387070 1.0
504 13.454039 52.506943 542426 1.0
505 13.277233 52.506145 922924 1.0
506 13.400238 52.52251 276062 1.0
507 13.417184 52.51244 27308 1.0
508 13.431502 52.532074 28032 1.0
509 13.29038 52.49824 2124 1.0
510 13.394428 52.488266 511330 0.0
511 13.388784 52.5201 478334 1.0
512 13.391111 52.520363 604518 1.0
513 13.396332 52.489227 820056 1.0
514 13.397895 52.546284 24344 1.0
515 13.396208 52.53172 244874 1.0
516 13.442548 52.47229 627142 1.0
517 13.423472 52.47895 440518 1.0
518 13.415554 52.49457 252672 1.0
519 13.385773 52.509594 566404 0.0
520 13.423475 52.490894 580694 1.0
521 13.409715 52.53857 86594 1.0
522 13.411579 52.537872 283292 1.0
523 13.341478 52.43383 140536 1.0
524 13.327232 52.4296 165910 1.0
525 13.423955 52.477386 440518 0.0
526 13.343925 52.438652 214422 1.0
527 13.406747 52.535713 48596 0.0
528 13.465671 52.55347 66790 1.0
529 13.4666 52.51712 347260 1.0
530 13.402043 52.489887 419332 1.0
531 13.428819 52.48831 746604 1.0
532 13.435541 52.532684 28060 1.0
533 13.295131 52.43768 599138 1.0
534 13.425705 52.492443 35334 1.0
535 13.349503 52.524414 159018 1.0
536 13.349322 52.524582 139804 1.0
537 13.349503 52.524414 159018 1.0
538 13.349503 52.524414 159018 1.0
539 13.348587 52.52213 159016 1.0
540 13.348587 52.52213 159016 1.0
541 13.376719 52.521755 5770 1.0
542 13.444204 52.49992 718970 1.0
543 13.466231 52.51184 36236 0.0
544 13.278885 52.48 19572 1.0
545 13.309877 52.502026 13396 1.0
546 13.590277 52.52076 679696 1.0
547 13.416095 52.540356 877654 0.0
548 13.333203 52.525505 304252 0.0
549 13.348597 52.523598 41140 1.0
550 13.256272 52.42889 94502 0.0
551 13.332713 52.47444 16994 0.0
552 13.328547 52.504726 497734 1.0
553 13.526887 52.50904 286006 0.633
554 13.37106 52.564354 868006 1.0
555 13.403695 52.56553 590398 1.0
556 13.290192 52.55376 161680 1.0
557 13.575692 52.44485 186766 1.0
558 13.400314 52.565697 686304 1.0
559 13.39438 52.569772 232184 0.643
560 13.410447 52.538292 356252 1.0
561 13.426452 52.491993 884822 1.0
562 13.428967 52.487766 468902 1.0
563 13.398181 52.52503 743724 1.0
564 13.420583 52.49625 167980 1.0
565 13.426291 52.494694 603762 0.0
566 13.419035 52.530758 158618 1.0
567 13.279777 52.518288 870992 1.0
568 13.316396 52.51788 19358 1.0
569 13.426401 52.49876 263380 1.0
570 13.434656 52.499874 456478 1.0
571 13.398719 52.533062 354688 1.0
572 13.428681 52.486702 247520 1.0
573 13.424582 52.528126 339884 0.812
574 13.431502 52.532074 28032 1.0
575 13.323553 52.50232 5630 1.0
576 13.330479 52.46926 603828 1.0
577 13.325359 52.503098 517724 1.0
578 13.423369 52.495472 706366 1.0
579 13.354692 52.618004 51820 1.0
580 13.325585 52.50464 517720 1.0
581 13.367906 52.550762 389570 1.0
582 13.309602 52.507843 298764 0.09
583 13.321473 52.50282 8360 1.0
584 13.320802 52.502857 8358 1.0
585 13.383099 52.4924 179824 1.0
586 13.40958 52.55248 25138 1.0
587 13.19609 52.53035 61356 1.0
588 13.411113 52.503033 836316 1.0
589 13.296905 52.519554 540504 1.0
590 13.29705 52.506844 869892 1.0
591 13.314473 52.57103 17472 1.0
592 13.285393 52.508213 29430 1.0
593 13.305798 52.448166 154240 1.0
594 13.467172 52.552998 693202 1.0
595 13.401169 52.547497 30372 1.0
596 13.299076 52.511185 285798 1.0
597 13.32761 52.50546 533192 1.0
598 13.391451 52.512222 1005086 0.0
599 13.508263 52.49967 683036 1.0
600 13.430913 52.49782 263412 1.0
601 13.376515 52.51038 761410 0.0
602 13.376805 52.51236 250392 1.0
603 13.44417 52.560593 34306 0.0
604 13.214172 52.439407 333032 1.0
605 13.600941 52.479244 114446 0.0
606 13.41498 52.50395 101990 0.0
607 13.278027 52.588398 276118 1.0
608 13.501319 52.626957 376290 1.0
609 13.438965 52.49687 104480 1.0
610 13.470217 52.511333 593740 1.0
611 13.444664 52.48512 251620 1.0
612 13.410755 52.552383 25142 1.0
613 13.408053 52.536995 494216 1.0
614 13.444443 52.483635 444056 1.0
615 13.428681 52.486702 247520 1.0
616 13.320117 52.471592 16192 0.0
617 13.417601 52.49284 228065 0.364
618 13.323302 52.491528 79676 1.0
619 13.418421 52.493885 252678 1.0
620 13.418273 52.493664 228070 1.0
621 13.28364 52.589504 927070 0.0
622 13.414556 52.49312 226928 1.0
623 13.409588 52.538452 891130 1.0
624 13.644728 52.378765 897520 0.0
625 13.282804 52.589306 265214 1.0
626 13.303873 52.501995 3172 1.0
627 13.434147 52.536945 46154 1.0
628 13.28712 52.59013 489092 1.0
629 13.432953 52.480106 107030 1.0
630 13.363557 52.526436 33158 1.0
631 13.427101 52.487274 247524 1.0
632 13.429486 52.486286 849988 0.0
633 13.438155 52.500397 301922 1.0
634 13.314797 52.518 19348 1.0
635 13.450862 52.522438 48444 1.0
636 13.439214 52.499702 104470 1.0
637 13.494683 52.514328 67198 0.0
638 13.386305 52.5316 1004880 1.0
639 13.296652 52.501316 14216 1.0
640 13.294465 52.513428 15058 1.0
641 13.297944 52.501057 1954 0.0
642 13.29919 52.500656 1952 0.0
643 13.462272 52.51319 16496 1.0
644 13.291163 52.506634 11846 0.0
645 13.432633 52.4694 626942 1.0
646 13.432415 52.470142 329404 0.0
647 13.171373 52.482647 980598 1.0
648 13.575049 52.446465 109936 0.0
649 13.373981 52.509483 999828 1.0
650 13.665085 52.410964 621309 0.75
651 13.323408 52.517048 853770 1.0
652 13.144901 52.45266 82540 0.0
653 13.3865 52.49057 11558 1.0
654 13.393386 52.512802 320522 1.0
655 13.442963 52.499138 98680 0.0
656 13.419068 52.49449 776196 1.0
657 13.203632 52.537476 59404 1.0
658 13.392191 52.490547 375800 1.0
659 13.395598 52.50674 954404 1.0
660 13.331503 52.463837 19756 0.0
661 13.576339 52.44601 493768 1.0
662 13.436876 52.51703 801934 1.0
663 13.429317 52.500854 285312 1.0
664 13.231811 52.585716 998208 1.0
665 13.417649 52.51342 667936 1.0
666 13.419982 52.50225 299594 1.0
667 13.348799 52.52465 956268 1.0
668 13.417271 52.50054 56524 1.0
669 13.437863 52.536 28176 1.0
670 13.440405 52.50063 931498 1.0
671 13.420056 52.550735 590876 1.0
672 13.311743 52.571724 208530 1.0
673 13.380491 52.46576 608080 1.0
674 13.413208 52.512608 27282 1.0
675 13.42952 52.467655 280712 1.0
676 13.4316 52.501396 285314 0.0
677 13.430186 52.467747 937286 1.0
678 13.427673 52.468113 280714 0.0
679 13.328673 52.458794 475644 1.0
680 13.46102 52.51108 118102 1.0
681 13.3764 52.52853 997514 1.0
682 13.463598 52.514828 480248 1.0
683 13.199477 52.535522 960206 1.0
684 13.404749 52.48866 834410 0.0
685 13.385357 52.455906 306264 1.0
686 13.422524 52.54466 86608 1.0
687 13.422424 52.476906 561286 1.0
688 13.203632 52.537476 59404 1.0
689 13.390524 52.545765 343254 1.0
690 13.411497 52.48951 488802 0.0
691 13.412498 52.532784 282264 1.0
692 13.36286 52.56537 160928 1.0
693 13.461518 52.512115 16498 1.0
694 13.46102 52.51108 118102 1.0
695 13.307277 52.50888 160152 1.0
696 13.449795 52.521584 29074 1.0
697 13.439214 52.499702 104470 1.0
698 13.423597 52.500088 81456 0.0
699 13.156855 52.53337 547266 0.0
700 13.424651 52.528126 339882 1.0
701 13.381174 52.465637 608262 1.0
702 13.383544 52.465794 491652 1.0
703 13.431144 52.536957 27960 1.0
704 13.489452 52.46389 576182 1.0
705 13.424868 52.481663 15842 0.0
706 13.430317 52.53724 27962 1.0
707 13.328157 52.48019 9152 1.0
708 13.329798 52.46615 454860 1.0
709 13.459698 52.49463 996428 0.0
710 13.320982 52.458004 487112 0.0
711 13.271036 52.536514 161560 0.0
712 13.313886 52.46431 11468 1.0
713 13.569628 52.563152 78740 1.0
714 13.265663 52.536816 161576 0.0
715 13.624474 52.44813 76496 1.0
716 13.385959 52.516975 692918 1.0
717 13.398055 52.483444 355728 1.0
718 13.397416 52.42389 38934 1.0
719 13.402525 52.519066 711906 0.0
720 13.402846 52.520115 654808 0.0
721 13.293783 52.461937 90958 1.0
722 13.402726 52.52423 595992 1.0
723 13.287604 52.452885 658592 1.0
724 13.289735 52.45294 192692 0.0
725 13.459069 52.52048 261724 1.0
726 13.42487 52.481876 290754 1.0
727 13.461049 52.550568 207926 1.0
728 13.295505 52.497932 298264 1.0
729 13.361862 52.5494 19102 1.0
730 13.462703 52.54972 289070 1.0
731 13.387393 52.51019 22308 1.0
732 13.389332 52.458683 404594 0.0
733 13.402846 52.520115 654808 0.0
734 13.423035 52.499043 659138 1.0
735 13.406291 52.54745 817578 1.0
736 13.37365 52.50637 790542 1.0
737 13.427959 52.488342 627266 1.0
738 13.383484 52.530674 977674 1.0
739 13.514515 52.505314 721190 1.0
740 13.425583 52.489407 560706 1.0
741 13.51776 52.509888 36762 1.0
742 13.431712 52.48955 561594 1.0
743 13.424283 52.539555 878506 1.0
744 13.430384 52.533314 853980 1.0
745 13.431479 52.552177 46580 0.0
746 13.379498 52.5235 22866 1.0
747 13.324045 52.486702 165002 1.0
748 13.326244 52.48645 76510 1.0
749 13.467411 52.553944 271340 0.462
750 13.206894 52.56209 120560 1.0
751 13.34776 52.48899 926428 1.0
752 13.346185 52.489204 618784 1.0
753 13.573865 52.44322 571374 1.0
754 13.443397 52.484165 614106 1.0
755 13.422382 52.540405 577860 1.0
756 13.451536 52.509598 447670 1.0
757 13.355866 52.54306 817880 1.0
758 13.444726 52.492855 897156 1.0
759 13.405018 52.54033 354410 1.0
760 13.411359 52.521687 463672 1.0
761 13.428109 52.493313 468504 1.0
762 13.612215 52.51179 472992 1.0
763 13.353666 52.493446 406398 1.0
764 13.353258 52.49104 406402 1.0
765 13.41858 52.530193 158626 1.0
766 13.353258 52.49104 406402 1.0
767 13.433019 52.468117 320218 1.0
768 13.625069 52.4538 807910 1.0
769 13.386909 52.531258 418744 1.0
770 13.37802 52.444633 342904 0.0
771 13.412749 52.548637 419646 1.0
772 13.379064 52.498085 97304 1.0
773 13.423333 52.493088 368 1.0
774 13.409836 52.54813 30366 1.0
775 13.426369 52.490124 35348 1.0
776 13.336992 52.52656 185080 1.0
777 13.413564 52.5116 658098 1.0
778 13.327786 52.428623 925556 1.0
779 13.428061 52.492925 468506 0.571
780 13.413183 52.511723 226186 0.0
781 13.289742 52.63328 712880 1.0
782 13.428025 52.492634 35336 1.0
783 13.331636 52.53221 265972 1.0
784 13.379043 52.524864 868826 1.0
785 13.386368 52.51367 22280 1.0
786 13.448256 52.47757 394762 1.0
787 13.396898 52.532467 87576 1.0
788 13.391997 52.520058 26458 1.0
789 13.430587 52.48645 627598 1.0
790 13.356593 52.523613 872836 1.0
791 13.460909 52.510858 130505 0.14
792 13.319819 52.512867 694618 0.0
793 13.410176 52.528046 909174 0.0
794 13.40943 52.52894 909092 1.0
795 13.446256 52.549973 580558 1.0
796 13.335232 52.530586 916830 0.0
797 13.502867 52.45549 293824 0.0
798 13.502867 52.45549 293824 0.0
799 13.38693 52.549786 854666 1.0
800 13.421457 52.495598 644868 1.0
801 13.287015 52.43385 600410 1.0
802 13.421903 52.53549 158592 1.0
803 13.30104 52.5261 593288 0.0
804 13.448101 52.49072 627480 1.0
805 13.404675 52.527573 27692 1.0
806 13.406545 52.527233 27690 1.0
807 13.407454 52.523838 428686 1.0
808 13.311266 52.508873 313204 0.0
809 13.405257 52.523468 393388 1.0
810 13.4642 52.509617 88436 1.0
811 13.335679 52.47151 503250 1.0
812 13.440287 52.48947 752890 1.0
813 13.25987 52.43044 411988 1.0
814 13.439214 52.499702 104470 1.0
815 13.335914 52.521988 316610 1.0
816 13.398666 52.522995 143048 1.0
817 13.578451 52.457817 281046 0.0
818 13.402683 52.533478 117558 1.0
819 13.415206 52.544155 683976 1.0
820 13.460055 52.517292 542454 1.0
821 13.436184 52.48372 534624 1.0
822 13.434718 52.46898 269168 1.0
823 13.216934 52.438923 969498 1.0
824 13.371763 52.533237 410566 1.0
825 13.43598 52.48218 272282 0.0
826 13.322049 52.497253 8520 1.0
827 13.427593 52.490227 35350 1.0
828 13.43598 52.48218 272282 0.0
829 13.412515 52.568325 44710 1.0
830 13.38289 52.52311 668772 1.0
831 13.412827 52.49055 776194 0.324
832 13.483186 52.49681 367188 1.0
833 13.39978 52.522022 143032 1.0
834 13.402091 52.528965 370506 1.0
835 13.446578 52.521362 28916 1.0
836 13.3361 52.523415 310926 1.0
837 13.412969 52.546776 30354 1.0
838 13.405422 52.548725 817566 1.0
839 13.443907 52.500076 124458 0.0
840 13.442267 52.498463 35160 1.0
841 13.301297 52.49467 482676 1.0
842 13.421985 52.499027 659161 0.982
843 13.433525 52.531208 28034 1.0
844 13.329119 52.52124 689988 1.0
845 13.346265 52.503704 641542 1.0
846 13.373891 52.50947 999824 1.0
847 13.56362 52.57082 458840 1.0
848 13.448519 52.5124 853292 0.0
849 13.484297 52.4633 571256 1.0
850 13.423982 52.48985 521424 1.0
851 13.384354 52.53205 23462 0.0
852 13.323135 52.491047 719430 0.0
853 13.249256 52.610035 649264 1.0
854 13.419536 52.543182 30332 1.0
855 13.261969 52.487827 788744 1.0
856 13.297907 52.510456 9526 1.0
857 13.389668 52.52577 4682 1.0
858 13.261341 52.444695 41932 1.0
859 13.393977 52.526485 324294 1.0
860 13.392896 52.52748 621042 1.0
861 13.39354 52.5264 324296 1.0
862 13.393407 52.525993 645080 0.0
863 13.400814 52.522522 142142 1.0
864 13.390853 52.504517 660090 1.0
865 13.257287 52.435043 599292 1.0
866 13.412672 52.541386 354698 1.0
867 13.354459 52.498238 231128 1.0
868 13.414556 52.49312 226928 1.0
869 13.482468 52.50409 451752 1.0
870 13.403474 52.519615 885410 0.0
871 13.440391 52.49659 35160 0.0
872 13.421033 52.48189 278788 1.0
873 13.261501 52.51674 170838 1.0
874 13.405018 52.54033 354410 1.0
875 13.408846 52.522915 142184 0.0
876 13.474241 52.45349 390960 0.0
877 13.401751 52.52199 654544 0.0
878 13.454704 52.507397 542398 1.0
879 13.35825 52.49443 650158 1.0
880 13.379608 52.522854 443296 0.0
881 13.327902 52.473034 176860 0.0
882 13.33582 52.528564 18190 1.0
883 13.405951 52.531082 25264 1.0
884 13.477806 52.50467 434738 1.0
885 13.437622 52.50331 693496 1.0
886 13.45642 52.50183 280004 0.0
887 13.446 52.54622 693348 1.0
888 13.412723 52.55398 350428 1.0
889 13.297343 52.495617 298224 1.0
890 13.431502 52.532074 28032 1.0
891 13.395331 52.527817 786034 1.0
892 13.458391 52.51056 130518 1.0
893 13.395463 52.525032 658556 1.0
894 13.397901 52.524956 743720 1.0
895 13.353309 52.492004 406400 1.0
896 13.353666 52.493446 406398 1.0
897 13.353666 52.493446 406398 1.0
898 13.353666 52.493446 406398 1.0
899 13.353911 52.497036 16006 1.0
900 13.353911 52.497036 16006 1.0
901 13.388354 52.43912 631930 1.0
902 13.294 52.508909 177556 0.833
903 13.391111 52.520363 604518 1.0
904 13.455795 52.507626 398772 1.0
905 13.433302 52.470802 870160 1.0
906 13.397983 52.53507 711214 1.0
907 13.332956 52.501728 512936 1.0
908 13.328391 52.46814 271694 1.0
909 13.326866 52.50202 674712 0.0
910 13.333597 52.50421 254996 1.0
911 13.32249 52.497105 4232 1.0
912 13.431173 52.48569 627729 0.167
913 13.32177 52.493023 4134 1.0
914 13.456634 52.510838 130518 0.0
915 13.29743 52.49726 977136 0.0
916 13.319855 52.50589 298662 1.0
917 13.45644 52.507412 34802 0.0
918 13.423175 52.53522 27924 1.0
919 13.35449 52.49732 983530 1.0
920 13.624425 52.447693 76494 1.0
921 13.352212 52.496796 16004 1.0
922 13.35429 52.49809 983524 1.0
923 13.323332 52.49778 8496 1.0
924 13.432448 52.48388 324626 1.0
925 13.453033 52.503267 883868 0.811
926 13.323332 52.49778 8496 1.0
927 13.326918 52.496437 8296 1.0
928 13.312592 52.51311 911658 1.0
929 13.422812 52.532867 824000 0.0
930 13.309633 52.47631 487736 1.0
931 13.394318 52.519257 886328 1.0
932 13.441768 52.482933 324612 1.0
933 13.333258 52.528797 713448 1.0
934 13.407777 52.517284 711848 1.0
935 13.301482 52.509796 14696 1.0
936 13.427953 52.491993 468508 1.0
937 13.322266 52.504784 6912 1.0
938 13.41089 52.530045 689016 1.0
939 13.319816 52.50406 455768 1.0
940 13.319816 52.50406 455768 1.0
941 13.325779 52.531715 282484 1.0
942 13.322504 52.511234 641870 1.0
943 13.38016 52.516666 759754 1.0
944 13.379976 52.51656 759750 1.0
945 13.385432 52.52352 668730 1.0
946 13.320826 52.505157 2412 1.0
947 13.28805 52.518898 259086 1.0
948 13.289226 52.631935 819570 1.0
949 13.400814 52.548405 147124 1.0
950 13.290194 52.518368 96866 1.0
951 13.407135 52.533257 25258 1.0
952 13.428415 52.484432 37690 1.0
953 13.422536 52.532963 824006 0.0
954 13.416935 52.53534 595700 1.0
955 13.422746 52.532993 27914 1.0
956 13.422825 52.532967 27916 1.0
957 13.328606 52.47712 817656 1.0
958 13.430723 52.46847 269172 0.0
959 13.41254 52.493397 763302 1.0
960 13.430777 52.499866 679016 1.0
961 13.424089 52.532536 27880 1.0
962 13.419596 52.531273 915128 0.0
963 13.311448 52.511993 1002856 1.0
964 13.39592 52.496105 872746 0.0
965 13.431156 52.483196 265620 1.0
966 13.4263 52.485283 688646 0.0
967 13.316997 52.50252 838500 1.0
968 13.436664 52.470833 197672 1.0
969 13.3258 52.482704 721300 1.0
970 13.319571 52.486523 2664 1.0
971 13.542723 52.527584 282052 0.0
972 13.423301 52.500576 81456 1.0
973 13.420826 52.495617 460404 0.339
974 13.420645 52.495384 580718 1.0
975 13.306154 52.50861 11002 1.0
976 13.431502 52.532074 28032 1.0
977 13.412094 52.523468 658538 1.0
978 13.291605 52.553947 92478 1.0
979 13.418338 52.529636 176980 1.0
980 13.336215 52.526726 355864 1.0
981 13.40656 52.538498 824176 0.0
982 13.544932 52.436768 580270 1.0
983 13.5548 52.501064 617718 1.0
984 13.292851 52.446327 185246 0.0
985 13.359439 52.55076 19100 1.0
986 13.347978 52.5213 572834 1.0
987 13.341384 52.45076 858420 1.0
988 13.323998 52.512024 660642 1.0
989 13.307308 52.499348 255064 1.0
990 13.338749 52.44895 444736 1.0
991 13.280787 52.587013 967088 1.0
992 13.373469 52.486504 221522 1.0
993 13.367173 52.551334 916780 1.0
994 13.394178 52.485852 634942 0.067
995 13.314838 52.512596 961732 1.0
996 13.33352 52.505276 795104 1.0
997 13.293868 52.5118 21216 1.0
998 13.327971 52.46456 230180 1.0
999 13.393939 52.49161 146846 1.0
1000 13.561266 52.537926 65996 1.0
1001 13.407604 52.539368 354412 1.0
