0 19845 0.635566 0.912139
0 11591 1.89198 0.123507
0 50820 2.181207 0.01887
0 31212 3.729973 0.430944
0 49233 4.579258 0.191066
1 16081 0.714505 0.403653
1 11591 1.89198 0.123507
1 8851 2.187507 0.821631
1 65097 3.291421 0.274985
1 16871 4.92469 0.279336
2 5656 0.49932 3.000269
2 35859 1.024339 3.383233
2 65562 2.282183 3.285359
2 57083 3.697904 3.218143
2 17946 4.534883 3.527336
3 65038 0.908186 3.23525
3 49109 1.739333 3.866038
3 63886 2.481192 3.011967
3 59181 3.521771 3.827243
3 48940 4.497963 3.267558
4 43999 0.651041 4.986621
4 37594 1.326084 4.011015
4 27260 2.013843 4.237184
4 40203 3.040123 4.308725
4 4294 4.594663 4.944875
5 39443 0.164958 1.802281
5 25373 1.28772 1.430173
5 56609 2.108696 1.189992
5 67576 3.992475 1.638998
5 23894 4.037432 1.894885
6 35066 0.351472 3.970776
6 25969 1.071818 3.585506
6 17425 2.591714 3.337126
6 28266 3.768303 3.030804
6 46959 4.175246 3.295305
7 47261 0.521804 4.51322
7 40643 1.245972 4.809613
7 4301 2.514063 4.326151
7 20836 3.068247 4.108081
7 27680 4.757965 4.464925
8 33119 0.720025 1.689897
8 25373 1.28772 1.430173
8 62434 2.871656 1.008142
8 60823 3.249375 1.952282
8 25793 4.555799 1.965795
9 2277 0.852385 3.862365
9 61332 1.396478 3.762554
9 17425 2.591714 3.337126
9 55898 3.635164 3.690981
9 9007 4.599484 3.364202
10 11648 0.237959 1.2825
10 31466 1.818367 1.145853
10 42237 2.597106 1.265349
10 59764 3.390468 1.485196
10 11945 4.375782 1.606489
11 25275 0.097501 1.524259
11 49826 1.626937 1.208822
11 59320 2.719785 1.312958
11 46836 3.235441 1.104777
11 40056 4.951898 1.00827
12 44104 0.430262 2.636567
12 1829 1.972695 2.447892
12 51562 2.344208 2.807001
12 3852 3.558163 2.755666
12 37057 4.54007 2.605992
13 41285 0.061114 3.678881
13 51652 1.92027 3.226529
13 41933 2.046129 3.87611
13 49459 3.477327 3.745876
13 29145 4.644376 3.313281
14 16364 0.959389 4.016904
14 42770 1.076185 4.433261
14 3532 2.496966 4.831836
14 61179 3.94614 4.344762
14 8303 4.72653 4.380787
15 39443 0.164958 1.802281
15 44571 1.752024 1.049584
15 25194 2.660736 1.956827
15 19014 3.082353 1.203466
15 3585 4.902222 1.891864
16 61694 0.395955 1.576766
16 31466 1.818367 1.145853
16 41511 2.383817 1.761634
16 19014 3.082353 1.203466
16 58269 4.363301 1.931252
17 67282 0.119246 4.626124
17 40643 1.245972 4.809613
17 48434 2.180931 4.355772
17 51390 3.324273 4.606054
17 58043 4.703629 4.246782
18 19845 0.635566 0.912139
18 6593 1.546405 0.100844
18 31590 2.614975 0.122996
18 43530 3.878158 0.243956
18 646 4.375031 0.071423
19 37289 0.31844 0.777242
19 11913 1.283326 0.373934
19 62465 2.493512 0.399453
19 60428 3.147272 0.143042
19 55026 4.198825 0.161331
20 21870 0.489294 0.973231
20 41403 1.929179 0.345393
20 50139 2.494095 0.029567
20 59854 3.797144 0.741819
20 30623 4.230615 0.794498
21 39443 0.164958 1.802281
21 11055 1.540857 1.422393
21 14338 2.764192 1.966655
21 7461 3.523761 1.855074
21 30263 4.533208 1.917729
22 21110 0.924175 3.486256
22 22467 1.54625 3.199914
22 65562 2.282183 3.285359
22 55679 3.411999 3.991787
22 48940 4.497963 3.267558
23 37289 0.31844 0.777242
23 67777 1.099643 0.89681
23 31590 2.614975 0.122996
23 39122 3.240488 0.977266
23 31435 4.841349 0.772261
24 8582 0.926426 1.651046
24 0 1.596152 1.361313
24 14338 2.764192 1.966655
24 524 3.750903 1.097032
24 11752 4.299935 1.674433
25 57997 0.775166 2.998342
25 11263 1.382375 2.295816
25 571 2.556651 2.667474
25 50779 3.417973 2.64922
25 52192 4.060695 2.088337
26 35936 0.877518 0.328702
26 36002 1.110888 0.815632
26 15556 2.611498 0.810879
26 3433 3.708515 0.154034
26 12708 4.687603 0.192718
27 25275 0.097501 1.524259
27 15441 1.811379 1.112066
27 849 2.274789 1.424298
27 66114 3.884159 1.206323
27 61839 4.029425 1.461742
28 35936 0.877518 0.328702
28 55965 1.172438 0.53829
28 31144 2.958244 0.979803
28 60428 3.147272 0.143042
28 5492 4.455688 0.873758
29 20546 0.717208 3.613242
29 3988 1.598899 3.792168
29 9698 2.424194 3.013978
29 52087 3.115909 3.03635
29 46959 4.175246 3.295305
30 34149 0.984521 1.673057
30 2993 1.499914 1.595185
30 66261 2.455532 1.658144
30 20143 3.863806 1.489164
30 53336 4.513497 1.158485
31 52407 0.500237 3.154611
31 41630 1.106542 3.089275
31 57973 2.746601 3.970344
31 49459 3.477327 3.745876
31 40280 4.893187 3.429606
32 35090 0.233439 4.490032
32 40643 1.245972 4.809613
32 41676 2.174505 4.73965
32 53352 3.641684 4.39101
32 29962 4.896241 4.355093
33 14260 0.284355 3.258942
33 58344 1.402048 3.682712
33 38808 2.209933 3.092981
33 55898 3.635164 3.690981
33 65504 4.370033 3.656721
34 24776 0.553539 4.075383
34 38555 1.864525 4.378562
34 41676 2.174505 4.73965
34 40203 3.040123 4.308725
34 7256 4.776527 4.30758
35 67924 0.460907 2.42154
35 42087 1.331284 2.537128
35 54594 2.59234 2.717323
35 9795 3.9305 2.62879
35 35384 4.618482 2.160623
36 382 0.357377 3.320052
36 14584 1.845279 3.873342
36 2411 2.530944 3.522522
36 47753 3.986252 3.19595
36 39873 4.744487 3.712401
37 65038 0.908186 3.23525
37 61332 1.396478 3.762554
37 4902 2.737126 3.126019
37 59181 3.521771 3.827243
37 1008 4.676368 3.37657
38 40777 0.24468 2.99555
38 49839 1.322481 2.250229
38 63413 2.201258 2.252861
38 34222 3.757078 2.175016
38 52192 4.060695 2.088337
39 5699 0.73723 0.619303
39 66549 1.978864 0.177549
39 50820 2.181207 0.01887
39 15234 3.454308 0.262186
39 5492 4.455688 0.873758
40 47261 0.521804 4.51322
40 9797 1.848723 4.950015
40 4301 2.514063 4.326151
40 14820 3.852296 4.440657
40 7256 4.776527 4.30758
41 19845 0.635566 0.912139
41 6593 1.546405 0.100844
41 20206 2.06638 0.093824
41 60428 3.147272 0.143042
41 30623 4.230615 0.794498
42 25275 0.097501 1.524259
42 30349 1.142233 1.202044
42 56609 2.108696 1.189992
42 21460 3.690777 1.059092
42 40056 4.951898 1.00827
43 56127 0.538301 0.986324
43 11591 1.89198 0.123507
43 25557 2.804156 0.947867
43 11346 3.774389 0.008688
43 56194 4.24064 0.357022
44 46807 0.09034 2.686776
44 36453 1.938086 2.410484
44 66443 2.801054 2.864339
44 37049 3.358859 2.707971
44 35384 4.618482 2.160623
45 44142 0.513946 3.044308
45 3988 1.598899 3.792168
45 2411 2.530944 3.522522
45 46189 3.117939 3.546829
45 1008 4.676368 3.37657
46 2775 0.913279 0.29757
46 6593 1.546405 0.100844
46 24325 2.079964 0.335457
46 65097 3.291421 0.274985
46 9518 4.582059 0.238156
47 16081 0.714505 0.403653
47 45011 1.937072 0.392763
47 31144 2.958244 0.979803
47 27642 3.178733 0.780968
47 31435 4.841349 0.772261
48 56127 0.538301 0.986324
48 45011 1.937072 0.392763
48 48311 2.738481 0.821136
48 40002 3.344722 0.757406
48 646 4.375031 0.071423
49 51002 0.500375 2.13852
49 28169 1.385133 2.566468
49 22513 2.697311 2.875105
49 63682 3.711769 2.035182
49 39791 4.13066 2.089179
50 1603 0.484897 1.368777
50 49923 1.491037 1.882139
50 45665 2.16822 1.524287
50 524 3.750903 1.097032
50 41261 4.041693 1.540316
51 5656 0.49932 3.000269
51 41630 1.106542 3.089275
51 819 2.035181 3.249446
51 55679 3.411999 3.991787
51 25226 4.312564 3.512948
52 927 0.232103 0.037927
52 11913 1.283326 0.373934
52 24325 2.079964 0.335457
52 59854 3.797144 0.741819
52 63960 4.448953 0.014672
53 32950 0.21406 2.172829
53 19626 1.840695 2.725816
53 28633 2.236766 2.154874
53 18463 3.193756 2.211896
53 57773 4.650428 2.242896
54 23557 0.060214 3.723969
54 22609 1.006369 3.434891
54 9698 2.424194 3.013978
54 47753 3.986252 3.19595
54 9007 4.599484 3.364202
55 59156 0.119364 4.854584
55 30852 1.29211 4.24776
55 44861 2.987058 4.553278
55 23565 3.95119 4.389463
55 24011 4.824299 4.345938
56 7505 0.198991 0.547081
56 45011 1.937072 0.392763
56 38124 2.147092 0.511667
56 60428 3.147272 0.143042
56 65299 4.985082 0.982975
57 67502 0.598463 2.401209
57 64254 1.462764 2.312824
57 51562 2.344208 2.807001
57 34222 3.757078 2.175016
57 11003 4.916902 2.784639
58 26588 0.475385 1.393083
58 30349 1.142233 1.202044
58 25194 2.660736 1.956827
58 66987 3.920732 1.545124
58 25102 4.793842 1.921222
59 11648 0.237959 1.2825
59 34315 1.19063 1.004325
59 45665 2.16822 1.524287
59 524 3.750903 1.097032
59 5912 4.445509 1.262847
60 67924 0.460907 2.42154
60 36453 1.938086 2.410484
60 45793 2.85238 2.47827
60 34222 3.757078 2.175016
60 43049 4.09293 2.147227
61 21870 0.489294 0.973231
61 6593 1.546405 0.100844
61 15556 2.611498 0.810879
61 35771 3.936788 0.005692
61 64901 4.105473 0.578992
62 34149 0.984521 1.673057
62 8410 1.027716 1.663019
62 14644 2.374992 1.391592
62 46836 3.235441 1.104777
62 9547 4.442877 1.923663
63 18516 0.562479 4.857542
63 25685 1.556938 4.592994
63 33606 2.317222 4.50119
63 29093 3.756561 4.12946
63 56272 4.842146 4.959887
64 34772 0.613761 3.098882
64 58344 1.402048 3.682712
64 41933 2.046129 3.87611
64 28266 3.768303 3.030804
64 57697 4.581095 3.521272
65 30941 0.560844 4.057527
65 48166 1.463428 4.671664
65 33606 2.317222 4.50119
65 34597 3.588043 4.559206
65 5601 4.71872 4.69414
66 47561 0.187164 0.762369
66 67777 1.099643 0.89681
66 62465 2.493512 0.399453
66 11346 3.774389 0.008688
66 55211 4.828959 0.314336
67 11648 0.237959 1.2825
67 15441 1.811379 1.112066
67 54164 2.111402 1.792824
67 45970 3.183778 1.493645
67 11752 4.299935 1.674433
68 66914 0.55557 3.982388
68 10208 1.836058 3.385608
68 41933 2.046129 3.87611
68 47753 3.986252 3.19595
68 55587 4.521559 3.149314
69 14260 0.284355 3.258942
69 35859 1.024339 3.383233
69 387 2.200781 3.408336
69 45150 3.658546 3.54944
69 51023 4.300235 3.764164
70 4016 0.446814 2.110302
70 1829 1.972695 2.447892
70 66443 2.801054 2.864339
70 18197 3.250235 2.857065
70 18788 4.601432 2.577048
71 33647 0.390604 3.320456
71 21205 1.069997 3.082148
71 17425 2.591714 3.337126
71 47753 3.986252 3.19595
71 61935 4.089938 3.056178
72 43999 0.651041 4.986621
72 50363 1.49447 4.112479
72 41676 2.174505 4.73965
72 4430 3.647899 4.35212
72 11302 4.336936 4.726871
73 39952 0.577082 4.191792
73 9797 1.848723 4.950015
73 33606 2.317222 4.50119
73 39616 3.499711 4.56128
73 4294 4.594663 4.944875
74 36858 0.401142 2.246032
74 64254 1.462764 2.312824
74 9982 2.76417 2.821675
74 20521 3.302179 2.20289
74 62903 4.27822 2.37293
75 35090 0.233439 4.490032
75 48166 1.463428 4.671664
75 37377 2.757178 4.41594
75 65740 3.073502 4.130149
75 32631 4.886042 4.103855
76 36858 0.401142 2.246032
76 63086 1.238501 2.645827
76 12257 2.808537 2.240916
76 50779 3.417973 2.64922
76 52192 4.060695 2.088337
77 24776 0.553539 4.075383
77 33323 1.448963 4.15307
77 54038 2.306476 4.587795
77 23337 3.393541 4.81898
77 27680 4.757965 4.464925
78 23557 0.060214 3.723969
78 10208 1.836058 3.385608
78 819 2.035181 3.249446
78 45697 3.762654 3.988219
78 38188 4.555797 3.532598
79 11454 0.007527 2.221761
79 34981 1.015597 2.637354
79 5082 2.540279 2.958762
79 37049 3.358859 2.707971
79 52192 4.060695 2.088337
80 65392 0.647474 4.841843
80 25685 1.556938 4.592994
80 4384 2.933905 4.663109
80 59592 3.801919 4.78751
80 26966 4.576553 4.887265
81 26588 0.475385 1.393083
81 34315 1.19063 1.004325
81 59672 2.707839 1.979458
81 51731 3.306707 1.86362
81 5912 4.445509 1.262847
82 35936 0.877518 0.328702
82 45011 1.937072 0.392763
82 48311 2.738481 0.821136
82 60428 3.147272 0.143042
82 23071 4.358691 0.949181
83 32266 0.807977 0.481463
83 41403 1.929179 0.345393
83 50820 2.181207 0.01887
83 3433 3.708515 0.154034
83 12708 4.687603 0.192718
84 44537 0.737435 3.415762
84 19689 1.444146 3.456567
84 387 2.200781 3.408336
84 56924 3.449473 3.924445
84 48940 4.497963 3.267558
85 32950 0.21406 2.172829
85 19626 1.840695 2.725816
85 46983 2.814685 2.646681
85 18197 3.250235 2.857065
85 24172 4.513518 2.25417
86 38338 0.569952 2.839599
86 6810 1.525153 2.626268
86 37181 2.705759 2.439968
86 47096 3.172795 2.789969
86 65995 4.750038 2.870009
87 59156 0.119364 4.854584
87 23094 1.901643 4.794978
87 3532 2.496966 4.831836
87 14820 3.852296 4.440657
87 4294 4.594663 4.944875
88 3059 0.875309 3.669754
88 66820 1.63432 3.60503
88 41933 2.046129 3.87611
88 45697 3.762654 3.988219
88 10759 4.444171 3.386356
89 37289 0.31844 0.777242
89 29359 1.602234 0.867797
89 38124 2.147092 0.511667
89 7703 3.963864 0.268118
89 14958 4.304522 0.028782
90 66670 0.777498 0.973421
90 30241 1.284722 0.988505
90 50139 2.494095 0.029567
90 59817 3.31505 0.259939
90 8897 4.811906 0.549147
91 29751 0.909379 3.102751
91 10208 1.836058 3.385608
91 387 2.200781 3.408336
91 45697 3.762654 3.988219
91 9496 4.584511 3.174383
92 16081 0.714505 0.403653
92 67777 1.099643 0.89681
92 32334 2.415183 0.332687
92 59817 3.31505 0.259939
92 49233 4.579258 0.191066
93 44142 0.513946 3.044308
93 19689 1.444146 3.456567
93 819 2.035181 3.249446
93 56924 3.449473 3.924445
93 29145 4.644376 3.313281
94 61694 0.395955 1.576766
94 44785 1.784154 1.329178
94 14644 2.374992 1.391592
94 45970 3.183778 1.493645
94 40056 4.951898 1.00827
95 44104 0.430262 2.636567
95 44236 1.092507 2.718722
95 46983 2.814685 2.646681
95 20521 3.302179 2.20289
95 15144 4.159482 2.036033
96 16651 0.696844 4.240716
96 37594 1.326084 4.011015
96 54414 2.139437 4.690345
96 53352 3.641684 4.39101
96 7256 4.776527 4.30758
97 30941 0.560844 4.057527
97 40643 1.245972 4.809613
97 3532 2.496966 4.831836
97 23565 3.95119 4.389463
97 9493 4.729089 4.72509
98 30701 0.019363 4.19844
98 42770 1.076185 4.433261
98 30340 2.437776 4.149539
98 23337 3.393541 4.81898
98 14355 4.675782 4.605175
99 25502 0.458952 1.954094
99 6861 1.622529 1.326503
99 59320 2.719785 1.312958
99 63985 3.002847 1.346011
99 11945 4.375782 1.606489
100 55026 4.198825 0.161331
100 44765 4.201183 1.381889
100 52192 4.060695 2.088337
100 46959 4.175246 3.295305
100 56806 4.260578 4.160132
101 40998 3.07418 0.845631
101 66987 3.920732 1.545124
101 18463 3.193756 2.211896
101 57083 3.697904 3.218143
101 65740 3.073502 4.130149
102 2775 0.913279 0.29757
102 8582 0.926426 1.651046
102 46807 0.09034 2.686776
102 2129 0.86858 3.770682
102 65392 0.647474 4.841843
103 35936 0.877518 0.328702
103 26588 0.475385 1.393083
103 51002 0.500375 2.13852
103 17697 0.546536 3.343746
103 47261 0.521804 4.51322
104 55211 4.828959 0.314336
104 44765 4.201183 1.381889
104 28263 4.520588 2.935324
104 49422 4.756649 3.789048
104 24011 4.824299 4.345938
105 16001 2.106833 0.030033
105 56609 2.108696 1.189992
105 54594 2.59234 2.717323
105 4902 2.737126 3.126019
105 41676 2.174505 4.73965
106 45011 1.937072 0.392763
106 39249 1.150278 1.606292
106 55422 1.841922 2.259226
106 9205 1.24642 3.887136
106 11502 1.460163 4.50828
107 16871 4.92469 0.279336
107 9547 4.442877 1.923663
107 37967 4.689837 2.72926
107 65504 4.370033 3.656721
107 24011 4.824299 4.345938
108 29476 2.806681 0.87899
108 62434 2.871656 1.008142
108 66610 2.129285 2.361774
108 2411 2.530944 3.522522
108 46598 2.211384 4.204427
109 11913 1.283326 0.373934
109 65358 1.194334 1.486533
109 27879 1.213426 2.834452
109 40624 1.762764 3.611654
109 38521 1.337484 4.684967
110 5689 3.917043 0.380337
110 66987 3.920732 1.545124
110 42216 3.575565 2.595395
110 20365 3.781031 3.56616
110 40203 3.040123 4.308725
111 47561 0.187164 0.762369
111 25275 0.097501 1.524259
111 57997 0.775166 2.998342
111 23993 0.031923 3.685901
111 16364 0.959389 4.016904
112 55026 4.198825 0.161331
112 40056 4.951898 1.00827
112 64483 4.463726 2.557386
112 9007 4.599484 3.364202
112 9493 4.729089 4.72509
113 31636 1.070141 0.585137
113 60734 1.068761 1.999527
113 11263 1.382375 2.295816
113 22467 1.54625 3.199914
113 50363 1.49447 4.112479
114 5492 4.455688 0.873758
114 5063 4.173651 1.6271
114 35384 4.618482 2.160623
114 55587 4.521559 3.149314
114 14355 4.675782 4.605175
115 43530 3.878158 0.243956
115 524 3.750903 1.097032
115 63400 3.331425 2.455663
115 7061 3.307347 3.180486
115 38589 3.124657 4.379045
116 37838 0.948879 0.423373
116 33119 0.720025 1.689897
116 32950 0.21406 2.172829
116 66914 0.55557 3.982388
116 2677 0.123428 4.228697
117 41403 1.929179 0.345393
117 0 1.596152 1.361313
117 63086 1.238501 2.645827
117 61332 1.396478 3.762554
117 33323 1.448963 4.15307
118 55026 4.198825 0.161331
118 53336 4.513497 1.158485
118 52192 4.060695 2.088337
118 46693 4.452542 3.112409
118 5601 4.71872 4.69414
119 31636 1.070141 0.585137
119 34315 1.19063 1.004325
119 49839 1.322481 2.250229
119 3988 1.598899 3.792168
119 30852 1.29211 4.24776
120 6593 1.546405 0.100844
120 49826 1.626937 1.208822
120 34981 1.015597 2.637354
120 66820 1.63432 3.60503
120 23094 1.901643 4.794978
121 7505 0.198991 0.547081
121 1603 0.484897 1.368777
121 32950 0.21406 2.172829
121 50429 0.257713 3.595771
121 24776 0.553539 4.075383
122 60428 3.147272 0.143042
122 67576 3.992475 1.638998
122 63400 3.331425 2.455663
122 29042 3.46352 3.959803
122 14820 3.852296 4.440657
123 37289 0.31844 0.777242
123 33119 0.720025 1.689897
123 35651 0.071644 2.835505
123 23557 0.060214 3.723969
123 16651 0.696844 4.240716
124 5699 0.73723 0.619303
124 55304 0.832938 1.675215
124 32950 0.21406 2.172829
124 34192 0.98875 3.36526
124 65392 0.647474 4.841843
125 8851 2.187507 0.821631
125 849 2.274789 1.424298
125 54594 2.59234 2.717323
125 2411 2.530944 3.522522
125 53863 2.502676 4.267255
126 16979 4.105227 0.816769
126 61839 4.029425 1.461742
126 52192 4.060695 2.088337
126 38188 4.555797 3.532598
126 14355 4.675782 4.605175
127 16142 0.527332 0.159101
127 39443 0.164958 1.802281
127 46807 0.09034 2.686776
127 42337 0.497688 3.437878
127 67282 0.119246 4.626124
128 11591 1.89198 0.123507
128 44785 1.784154 1.329178
128 11263 1.382375 2.295816
128 41630 1.106542 3.089275
128 38555 1.864525 4.378562
129 35771 3.936788 0.005692
129 45970 3.183778 1.493645
129 39748 3.972725 2.786705
129 58956 3.585542 3.409433
129 23565 3.95119 4.389463
130 56127 0.538301 0.986324
130 61694 0.395955 1.576766
130 19700 0.01688 2.575397
130 23557 0.060214 3.723969
130 2677 0.123428 4.228697
131 16979 4.105227 0.816769
131 40056 4.951898 1.00827
131 62903 4.27822 2.37293
131 17279 4.376265 3.573629
131 29962 4.896241 4.355093
132 67777 1.099643 0.89681
132 25373 1.28772 1.430173
132 49839 1.322481 2.250229
132 43556 1.473246 3.262873
132 37594 1.326084 4.011015
133 9518 4.582059 0.238156
133 9547 4.442877 1.923663
133 37967 4.689837 2.72926
133 10759 4.444171 3.386356
133 9493 4.729089 4.72509
134 5492 4.455688 0.873758
134 40056 4.951898 1.00827
134 65995 4.750038 2.870009
134 65504 4.370033 3.656721
134 56272 4.842146 4.959887
135 16142 0.527332 0.159101
135 33119 0.720025 1.689897
135 40693 0.134251 2.760343
135 14260 0.284355 3.258942
135 54528 0.138573 4.77349
136 8851 2.187507 0.821631
136 65790 2.797494 1.639989
136 37181 2.705759 2.439968
136 41933 2.046129 3.87611
136 37377 2.757178 4.41594
137 56194 4.24064 0.357022
137 53336 4.513497 1.158485
137 37967 4.689837 2.72926
137 21531 4.082791 3.731612
137 59457 4.3337 4.180273
138 16979 4.105227 0.816769
138 25793 4.555799 1.965795
138 22758 4.94852 2.632597
138 46959 4.175246 3.295305
138 14355 4.675782 4.605175
139 7703 3.963864 0.268118
139 67576 3.992475 1.638998
139 37049 3.358859 2.707971
139 55679 3.411999 3.991787
139 23565 3.95119 4.389463
140 19916 3.024909 0.772286
140 28493 3.028127 1.055638
140 34222 3.757078 2.175016
140 45150 3.658546 3.54944
140 38589 3.124657 4.379045
141 19916 3.024909 0.772286
141 66114 3.884159 1.206323
141 18197 3.250235 2.857065
141 58956 3.585542 3.409433
141 15483 3.599592 4.656422
142 11913 1.283326 0.373934
142 30349 1.142233 1.202044
142 64254 1.462764 2.312824
142 19689 1.444146 3.456567
142 30852 1.29211 4.24776
143 37838 0.948879 0.423373
143 29825 0.078776 1.169541
143 67924 0.460907 2.42154
143 34772 0.613761 3.098882
143 30701 0.019363 4.19844
144 32266 0.807977 0.481463
144 39443 0.164958 1.802281
144 56767 0.643117 2.748053
144 14260 0.284355 3.258942
144 66500 0.619091 4.385625
145 67777 1.099643 0.89681
145 49826 1.626937 1.208822
145 1829 1.972695 2.447892
145 21205 1.069997 3.082148
145 38555 1.864525 4.378562
146 5699 0.73723 0.619303
146 25502 0.458952 1.954094
146 44104 0.430262 2.636567
146 44142 0.513946 3.044308
146 47261 0.521804 4.51322
147 56127 0.538301 0.986324
147 11648 0.237959 1.2825
147 51002 0.500375 2.13852
147 21110 0.924175 3.486256
147 54528 0.138573 4.77349
148 19845 0.635566 0.912139
148 26588 0.475385 1.393083
148 11454 0.007527 2.221761
148 44142 0.513946 3.044308
148 47261 0.521804 4.51322
149 16081 0.714505 0.403653
149 29825 0.078776 1.169541
149 19700 0.01688 2.575397
149 52407 0.500237 3.154611
149 59156 0.119364 4.854584
150 31144 2.958244 0.979803
150 59320 2.719785 1.312958
150 37181 2.705759 2.439968
150 38808 2.209933 3.092981
150 60244 2.041971 4.557758
151 64901 4.105473 0.578992
151 9547 4.442877 1.923663
151 39791 4.13066 2.089179
151 51023 4.300235 3.764164
151 56806 4.260578 4.160132
152 31590 2.614975 0.122996
152 56609 2.108696 1.189992
152 66443 2.801054 2.864339
152 2411 2.530944 3.522522
152 4301 2.514063 4.326151
153 52293 3.976564 0.557348
153 66114 3.884159 1.206323
153 50779 3.417973 2.64922
153 28266 3.768303 3.030804
153 34597 3.588043 4.559206
154 49233 4.579258 0.191066
154 5912 4.445509 1.262847
154 64483 4.463726 2.557386
154 9007 4.599484 3.364202
154 32631 4.886042 4.103855
155 30241 1.284722 0.988505
155 31466 1.818367 1.145853
155 62197 1.175902 2.308448
155 43556 1.473246 3.262873
155 23094 1.901643 4.794978
156 2775 0.913279 0.29757
156 47878 0.436133 1.571504
156 4016 0.446814 2.110302
156 29751 0.909379 3.102751
156 65392 0.647474 4.841843
157 11346 3.774389 0.008688
157 45970 3.183778 1.493645
157 20521 3.302179 2.20289
157 57083 3.697904 3.218143
157 14798 3.993723 4.977149
158 62465 2.493512 0.399453
158 45665 2.16822 1.524287
158 44433 2.915437 2.237227
158 43287 2.110877 3.885407
158 54038 2.306476 4.587795
159 29476 2.806681 0.87899
159 25194 2.660736 1.956827
159 43824 2.676655 2.232452
159 17425 2.591714 3.337126
159 53863 2.502676 4.267255
160 29359 1.602234 0.867797
160 63100 1.350385 1.047594
160 11263 1.382375 2.295816
160 53109 1.631045 3.946884
160 25685 1.556938 4.592994
161 21984 2.834039 0.502867
161 2487 2.125247 1.767343
161 8003 2.158158 2.315078
161 4902 2.737126 3.126019
161 56467 2.275986 4.759266
162 41403 1.929179 0.345393
162 6861 1.622529 1.326503
162 39056 1.274114 2.010705
162 14584 1.845279 3.873342
162 50363 1.49447 4.112479
163 66549 1.978864 0.177549
163 31466 1.818367 1.145853
163 63086 1.238501 2.645827
163 40624 1.762764 3.611654
163 9797 1.848723 4.950015
164 19845 0.635566 0.912139
164 61694 0.395955 1.576766
164 57997 0.775166 2.998342
164 12902 0.005551 3.238011
164 43999 0.651041 4.986621
165 55965 1.172438 0.53829
165 2993 1.499914 1.595185
165 58640 1.180702 2.081323
165 43556 1.473246 3.262873
165 37594 1.326084 4.011015
166 10491 4.588107 0.942838
166 5063 4.173651 1.6271
166 64483 4.463726 2.557386
166 61935 4.089938 3.056178
166 17052 4.690773 4.264391
167 50139 2.494095 0.029567
167 25194 2.660736 1.956827
167 12257 2.808537 2.240916
167 819 2.035181 3.249446
167 54414 2.139437 4.690345
168 37838 0.948879 0.423373
168 12829 0.498671 1.875061
168 19700 0.01688 2.575397
168 28564 0.82913 3.954975
168 61435 0.850076 4.816433
169 31144 2.958244 0.979803
169 61347 2.078372 1.740241
169 66312 2.963831 2.222163
169 41933 2.046129 3.87611
169 53863 2.502676 4.267255
170 50820 2.181207 0.01887
170 42237 2.597106 1.265349
170 37181 2.705759 2.439968
170 57973 2.746601 3.970344
170 35708 2.21905 4.418389
171 12708 4.687603 0.192718
171 2834 4.871979 1.985832
171 52192 4.060695 2.088337
171 61935 4.089938 3.056178
171 62036 4.925926 4.052949
172 45011 1.937072 0.392763
172 15441 1.811379 1.112066
172 28169 1.385133 2.566468
172 58344 1.402048 3.682712
172 22320 1.155318 4.731241
173 38124 2.147092 0.511667
173 14644 2.374992 1.391592
173 37351 2.586328 2.185072
173 57973 2.746601 3.970344
173 41676 2.174505 4.73965
174 11346 3.774389 0.008688
174 20143 3.863806 1.489164
174 63400 3.331425 2.455663
174 7061 3.307347 3.180486
174 16533 3.435236 4.957969
175 16081 0.714505 0.403653
175 25275 0.097501 1.524259
175 11454 0.007527 2.221761
175 5656 0.49932 3.000269
175 16651 0.696844 4.240716
176 49308 3.494945 0.312872
176 62725 3.939277 1.517608
176 39748 3.972725 2.786705
176 57083 3.697904 3.218143
176 15483 3.599592 4.656422
177 21984 2.834039 0.502867
177 14644 2.374992 1.391592
177 46983 2.814685 2.646681
177 41933 2.046129 3.87611
177 44861 2.987058 4.553278
178 21984 2.834039 0.502867
178 62512 2.836686 1.236791
178 66312 2.963831 2.222163
178 2411 2.530944 3.522522
178 46598 2.211384 4.204427
179 11346 3.774389 0.008688
179 9883 3.775001 1.085117
179 39748 3.972725 2.786705
179 28266 3.768303 3.030804
179 61179 3.94614 4.344762
180 9518 4.582059 0.238156
180 2834 4.871979 1.985832
180 35384 4.618482 2.160623
180 40280 4.893187 3.429606
180 15932 4.011223 4.429621
181 55965 1.172438 0.53829
181 53240 1.350355 1.036513
181 28169 1.385133 2.566468
181 11164 1.612795 3.451557
181 9797 1.848723 4.950015
182 32266 0.807977 0.481463
182 25275 0.097501 1.524259
182 13732 0.088134 2.671995
182 14260 0.284355 3.258942
182 43999 0.651041 4.986621
183 30241 1.284722 0.988505
183 0 1.596152 1.361313
183 42087 1.331284 2.537128
183 53109 1.631045 3.946884
183 9797 1.848723 4.950015
184 50139 2.494095 0.029567
184 59320 2.719785 1.312958
184 58930 2.558884 2.151104
184 21708 2.65178 3.38666
184 37377 2.757178 4.41594
185 16001 2.106833 0.030033
185 56609 2.108696 1.189992
185 43824 2.676655 2.232452
185 57973 2.746601 3.970344
185 59018 2.984797 4.939186
186 28104 3.645199 0.548613
186 9883 3.775001 1.085117
186 34222 3.757078 2.175016
186 59181 3.521771 3.827243
186 15483 3.599592 4.656422
187 47561 0.187164 0.762369
187 26588 0.475385 1.393083
187 19700 0.01688 2.575397
187 5656 0.49932 3.000269
187 16364 0.959389 4.016904
188 47304 2.536851 0.20145
188 2487 2.125247 1.767343
188 66312 2.963831 2.222163
188 63886 2.481192 3.011967
188 56467 2.275986 4.759266
189 47183 3.399988 0.291911
189 46836 3.235441 1.104777
189 22861 3.950801 2.153638
189 45697 3.762654 3.988219
189 34597 3.588043 4.559206
190 3433 3.708515 0.154034
190 66987 3.920732 1.545124
190 36147 3.061831 2.497912
190 52087 3.115909 3.03635
190 43936 3.01246 4.34494
191 11346 3.774389 0.008688
191 19014 3.082353 1.203466
191 47096 3.172795 2.789969
191 49459 3.477327 3.745876
191 14798 3.993723 4.977149
192 18037 3.445773 0.790038
192 59526 3.04384 1.154522
192 24938 3.29605 2.337726
192 55679 3.411999 3.991787
192 23565 3.95119 4.389463
193 14015 3.456467 0.239222
193 19014 3.082353 1.203466
193 18197 3.250235 2.857065
193 20365 3.781031 3.56616
193 15483 3.599592 4.656422
194 11591 1.89198 0.123507
194 44571 1.752024 1.049584
194 52053 1.052093 2.188542
194 66820 1.63432 3.60503
194 37594 1.326084 4.011015
195 31636 1.070141 0.585137
195 15441 1.811379 1.112066
195 64794 1.773968 2.080461
195 43556 1.473246 3.262873
195 9797 1.848723 4.950015
196 14958 4.304522 0.028782
196 25102 4.793842 1.921222
196 64483 4.463726 2.557386
196 40280 4.893187 3.429606
196 14292 4.639724 4.437956
197 45011 1.937072 0.392763
197 49923 1.491037 1.882139
197 1829 1.972695 2.447892
197 9205 1.24642 3.887136
197 25685 1.556938 4.592994
198 32266 0.807977 0.481463
198 33119 0.720025 1.689897
198 32950 0.21406 2.172829
198 42337 0.497688 3.437878
198 61435 0.850076 4.816433
199 64901 4.105473 0.578992
199 5912 4.445509 1.262847
199 57773 4.650428 2.242896
199 65504 4.370033 3.656721
199 5601 4.71872 4.69414
