0 19845 0.873
1 16081 0.801
2 5656 0.76
3 65038 0.984
4 43999 0.765
5 39443 0.758
6 35066 0.953
7 47261 0.631
8 33119 0.835
9 2277 0.872
10 11648 0.774
11 25275 0.923
12 44104 0.741
13 41285 0.963
14 16364 0.911
15 39443 0.758
16 61694 0.67
17 67282 0.89
18 19845 0.873
19 37289 0.702
20 21870 0.891
21 39443 0.758
22 21110 0.858
23 37289 0.702
24 8582 0.834
25 57997 0.889
26 35936 0.963
27 25275 0.923
28 35936 0.963
29 20546 0.978
30 34149 0.931
31 52407 0.769
32 35090 0.858
33 14260 0.68
34 24776 0.828
35 67924 0.769
36 382 0.641
37 65038 0.984
38 40777 0.853
39 5699 0.976
40 47261 0.631
41 19845 0.873
42 25275 0.923
43 56127 0.864
44 46807 0.843
45 44142 0.912
46 2775 0.926
47 16081 0.801
48 56127 0.864
49 51002 0.654
50 1603 0.787
51 5656 0.76
52 927 0.677
53 32950 0.744
54 23557 0.67
55 59156 0.824
56 7505 0.82
57 67502 0.909
58 26588 0.865
59 11648 0.774
60 67924 0.769
61 21870 0.891
62 34149 0.931
63 18516 0.72
64 34772 0.637
65 30941 0.893
66 47561 0.81
67 11648 0.774
68 66914 0.959
69 14260 0.68
70 4016 0.868
71 33647 0.928
72 43999 0.765
73 39952 0.84
74 36858 0.778
75 35090 0.858
76 36858 0.778
77 24776 0.828
78 23557 0.67
79 11454 0.849
80 65392 0.922
81 26588 0.865
82 35936 0.963
83 32266 0.784
84 44537 0.918
85 32950 0.744
86 38338 0.852
87 59156 0.824
88 3059 0.95
89 37289 0.702
90 66670 0.855
91 29751 0.685
92 16081 0.801
93 44142 0.912
94 61694 0.67
95 44104 0.741
96 16651 0.828
97 30941 0.893
98 30701 0.321
99 25502 0.88
100 55026 0.966
101 40998 0.918
102 2775 0.926
103 35936 0.963
104 55211 0.754
105 16001 0.903
106 45011 0.73
107 16871 0.39
108 29476 0.823
109 11913 0.772
110 5689 0.951
111 47561 0.81
112 55026 0.966
113 31636 0.983
114 5492 0.717
115 43530 0.788
116 37838 0.75
117 41403 0.96
118 55026 0.966
119 31636 0.983
120 6593 0.687
121 7505 0.82
122 60428 0.688
123 37289 0.702
124 5699 0.976
125 8851 0.775
126 16979 0.706
127 16142 0.639
128 11591 0.957
129 35771 0.92
130 56127 0.864
131 16979 0.706
132 67777 0.905
133 9518 0.989
134 5492 0.717
135 16142 0.639
136 8851 0.775
137 56194 0.933
138 16979 0.706
139 7703 0.862
140 19916 0.915
141 19916 0.915
142 11913 0.772
143 37838 0.75
144 32266 0.784
145 67777 0.905
146 5699 0.976
147 56127 0.864
148 19845 0.873
149 16081 0.801
150 31144 0.731
151 64901 0.796
152 31590 0.645
153 52293 0.956
154 49233 0.884
155 30241 0.883
156 2775 0.926
157 11346 0.875
158 62465 0.856
159 29476 0.823
160 29359 0.219
161 21984 0.846
162 41403 0.96
163 66549 0.85
164 19845 0.873
165 55965 0.643
166 10491 0.825
167 50139 0.693
168 37838 0.75
169 31144 0.731
170 50820 0.874
171 12708 0.695
172 45011 0.73
173 38124 0.334
174 11346 0.875
175 16081 0.801
176 49308 0.714
177 21984 0.846
178 21984 0.846
179 11346 0.875
180 9518 0.989
181 55965 0.643
182 32266 0.784
183 30241 0.883
184 50139 0.693
185 16001 0.903
186 28104 0.318
187 47561 0.81
188 47304 0.95
189 47183 0.986
190 3433 0.791
191 11346 0.875
192 18037 0.833
193 14015 0.932
194 11591 0.957
195 31636 0.983
196 14958 0.78
197 45011 0.73
198 32266 0.784
199 64901 0.796
